# Time-averaged data for fix noavgmsd
# TimeStep c_h2oMSD[1] c_h2oMSD[2] c_h2oMSD[3] c_h2oMSD[4]
0 0 0 0 0
1000 1.61282 1.57303 1.57098 4.75683
2000 1.93026 1.95429 2.11667 6.00122
3000 2.24479 2.19736 2.22595 6.6681
4000 2.39907 2.49952 2.3866 7.2852
5000 2.68347 2.5322 2.70436 7.92003
6000 2.90831 2.74241 2.87204 8.52276
7000 3.16125 2.8758 3.03286 9.0699
8000 3.45708 3.08943 3.15982 9.70634
9000 3.44622 3.21935 3.52973 10.1953
10000 3.86721 3.71076 3.50897 11.0869
11000 3.77101 3.83506 3.98993 11.596
12000 4.12048 4.25431 4.21602 12.5908
13000 4.36538 4.24156 4.31588 12.9228
14000 4.61837 4.33358 4.31088 13.2628
15000 4.94989 4.58648 4.61048 14.1469
16000 5.35088 5.00626 4.76176 15.1189
17000 5.49989 5.16412 5.11274 15.7768
18000 5.56861 5.34801 5.17532 16.0919
19000 5.89797 5.75795 5.75436 17.4103
20000 6.18775 6.08693 5.95618 18.2309
21000 6.40174 5.77498 6.41758 18.5943
22000 6.51856 6.1893 6.50808 19.2159
23000 6.96525 6.29833 7.04663 20.3102
24000 7.32323 6.53823 6.98857 20.85
25000 7.32008 6.94288 7.2747 21.5377
26000 7.85846 7.12878 7.55327 22.5405
27000 8.08963 7.30112 7.69694 23.0877
28000 8.09771 8.08692 7.73818 23.9228
29000 7.99418 8.13511 7.70683 23.8361
30000 8.55496 8.80248 8.13407 25.4915
31000 8.49589 8.74556 8.29302 25.5345
32000 8.92176 9.16014 8.3745 26.4564
33000 9.04261 9.37498 8.75093 27.1685
34000 9.22455 8.96688 8.94362 27.135
35000 9.80594 9.23106 9.1837 28.2207
36000 9.69724 9.90757 9.27942 28.8842
37000 9.52541 10.5477 9.51358 29.5867
38000 9.80792 10.4471 9.56874 29.8237
39000 10.3452 10.3898 9.82091 30.5559
40000 10.605 10.9075 10.4236 31.936
41000 10.6539 10.9742 10.2313 31.8594
42000 10.4771 11.0524 10.3426 31.8721
43000 10.4729 11.1626 10.2945 31.9301
44000 10.6011 11.5475 10.482 32.6306
45000 11.2446 11.4099 10.8165 33.471
46000 11.2868 11.3894 10.7565 33.4327
47000 11.858 11.2252 10.8303 33.9135
48000 11.715 11.7611 11.0471 34.5232
49000 11.8799 11.449 11.5732 34.902
50000 12.0008 12.1041 11.5201 35.625
51000 12.3152 12.2706 11.4895 36.0752
52000 12.247 12.6551 11.5919 36.494
53000 12.502 12.2792 11.6913 36.4725
54000 12.528 12.5565 11.8653 36.9498
55000 12.8614 13.1149 12.4543 38.4306
56000 13.0275 13.434 12.5416 39.0031
57000 13.904 13.6299 13.1002 40.6341
58000 14.1592 14.0645 13.6056 41.8293
59000 13.6768 14.1847 13.6082 41.4696
60000 14.3955 13.7896 13.7138 41.8989
61000 14.5074 14.0693 14.1976 42.7743
62000 15.1171 14.8474 14.144 44.1085
63000 15.5002 15.0443 14.1633 44.7078
64000 15.8425 14.7298 14.3719 44.9442
65000 15.9375 15.6313 14.3687 45.9375
66000 16.1685 15.9979 14.2422 46.4087
67000 15.6832 15.9112 14.4859 46.0802
68000 16.3928 16.5508 14.5139 47.4575
69000 16.1608 16.4083 14.5906 47.1598
70000 16.0988 16.4982 15.3034 47.9004
71000 17.0187 16.2211 15.3032 48.543
72000 16.2061 16.2774 15.123 47.6065
73000 16.9619 16.7214 15.6608 49.3441
74000 17.2835 16.9829 15.6273 49.8936
75000 17.8318 17.0201 15.9589 50.8109
76000 17.835 16.9469 16.0364 50.8183
77000 18.0572 17.439 16.1845 51.6807
78000 17.9217 17.8933 16.6074 52.4225
79000 18.6671 17.7967 17.0187 53.4825
80000 19.1395 18.677 17.0807 54.8972
81000 19.4417 19.1725 16.8847 55.4989
82000 19.8858 19.5042 17.3788 56.7688
83000 19.5466 19.4757 17.5801 56.6024
84000 20.6651 19.1809 17.7767 57.6227
85000 20.1174 19.4892 17.8734 57.4801
86000 20.4372 19.8794 17.7224 58.0391
87000 20.3073 19.8808 17.8704 58.0585
88000 20.6675 20.3358 18.3295 59.3327
89000 20.7933 20.5236 19.2172 60.5342
90000 21.5412 21.4497 19.4708 62.4617
91000 21.554 20.6662 19.3272 61.5474
92000 21.7744 20.7501 18.786 61.3105
93000 21.3446 21.0775 19.253 61.6751
94000 21.359 21.7977 19.7566 62.9133
95000 20.9169 21.4794 19.6221 62.0184
96000 20.3584 21.0426 19.8742 61.2753
97000 21.4609 22.0046 20.2865 63.752
98000 22.1951 21.6501 20.7324 64.5776
99000 21.6492 21.9756 21.3286 64.9535
100000 22.1093 22.5953 21.8965 66.601
101000 22.6184 22.4861 22.1765 67.281
102000 22.8279 22.1409 21.8985 66.8673
103000 22.4759 22.6742 21.8436 66.9936
104000 23.0206 22.2176 21.8949 67.1331
105000 23.261 22.6148 22.2061 68.0819
106000 23.7496 23.1863 22.5839 69.5198
107000 23.2424 23.0427 22.333 68.618
108000 24.3861 23.54 22.8146 70.7407
109000 23.1305 23.4638 22.5814 69.1757
110000 23.2881 23.7431 22.5213 69.5526
111000 23.3816 23.3381 22.6322 69.3519
112000 23.6304 24.426 22.9849 71.0413
113000 23.8345 24.2815 22.8052 70.9212
114000 24.3056 24.4679 23.255 72.0284
115000 24.6838 24.6623 23.7131 73.0592
116000 24.886 25.4515 23.6777 74.0152
117000 25.6934 25.7671 23.9063 75.3668
118000 25.8457 26.2107 23.8878 75.9441
119000 25.8088 26.4025 23.9198 76.1311
120000 26.2032 26.3928 23.9491 76.5452
121000 27.2122 26.1649 23.962 77.3392
122000 26.7689 25.991 23.9726 76.7325
123000 27.2385 26.0016 24.4116 77.6517
124000 27.7531 26.6618 24.4114 78.8263
125000 27.5336 26.2986 24.7563 78.5885
126000 28.1608 26.7994 25.4558 80.416
127000 28.4919 26.7551 25.0654 80.3124
128000 28.0155 27.4691 25.5473 81.0319
129000 27.9337 27.4159 25.0812 80.4308
130000 27.8522 27.0617 25.0255 79.9394
131000 28.7129 27.5337 25.679 81.9256
132000 28.7715 27.986 25.5274 82.2849
133000 29.3099 27.8574 25.7445 82.9119
134000 29.9444 27.9606 26.0251 83.9301
135000 30.4239 27.8243 26.1247 84.3728
136000 31.0542 28.6412 26.5828 86.2782
137000 31.0055 29.2974 26.2704 86.5733
138000 30.8425 29.1991 27.045 87.0867
139000 31.1367 28.8296 26.8148 86.7812
140000 31.6921 29.3343 27.8628 88.8892
141000 31.6861 29.2902 27.6026 88.5789
142000 31.8634 29.9499 28.1376 89.9509
143000 31.6116 30.3629 27.7349 89.7094
144000 31.5852 30.8138 28.0572 90.4563
145000 31.7923 31.9225 28.2292 91.9439
146000 31.7345 31.8795 28.3803 91.9944
147000 31.8783 32.1939 28.6987 92.7709
148000 32.0518 31.9494 28.4792 92.4804
149000 32.4903 32.7695 29.1182 94.378
150000 32.4311 33.04 28.958 94.429
151000 32.9908 34.211 28.9231 96.1249
152000 32.9248 35.1078 29.2495 97.2821
153000 33.0235 35.1083 29.6355 97.7673
154000 33.6057 35.4103 29.8538 98.8698
155000 32.8268 34.9039 30.18 97.9107
156000 33.2375 34.858 29.8927 97.9882
157000 33.8373 34.9865 30.7325 99.5564
158000 34.1457 35.8055 30.2212 100.172
159000 34.7262 36.0402 29.8268 100.593
160000 33.5192 36.7623 29.5077 99.7892
161000 34.1916 37.0215 30.0174 101.231
162000 34.1756 36.3498 29.0826 99.608
163000 34.3365 36.8677 29.7181 100.922
164000 35.0821 36.5369 30.7059 102.325
165000 34.8459 37.1615 30.9039 102.911
166000 34.1912 36.1028 31.0654 101.359
167000 34.9256 37.2454 31.2826 103.454
168000 35.5107 36.7839 31.7296 104.024
169000 35.8218 37.6588 32.284 105.765
170000 35.9729 38.2382 32.1391 106.35
171000 35.5274 37.8952 31.604 105.027
172000 36.124 38.3214 31.7702 106.216
173000 35.9419 38.5181 32.0469 106.507
174000 36.2055 37.7869 31.9517 105.944
175000 36.9658 38.1707 32.2556 107.392
176000 36.7929 38.4795 32.4014 107.674
177000 37.427 39.4788 32.0825 108.988
178000 37.1491 39.5433 31.659 108.352
179000 37.5819 39.1714 31.6366 108.39
180000 37.5728 39.0767 31.8986 108.548
181000 38.1017 39.4783 31.4669 109.047
182000 38.426 40.3421 32.2785 111.047
183000 38.2806 40.2139 32.0332 110.528
184000 38.244 40.4918 32.6047 111.34
185000 38.8388 40.5958 32.8611 112.296
186000 38.573 39.8785 33.0336 111.485
187000 38.5211 40.5866 33.0576 112.165
188000 39.1961 41.3528 33.3459 113.895
189000 39.5399 41.2446 33.6931 114.478
190000 39.658 40.9568 33.8739 114.489
191000 39.6777 41.4401 33.9468 115.065
192000 39.9296 40.7578 33.5678 114.255
193000 39.6044 41.5226 33.7685 114.895
194000 40.1034 41.0345 33.9298 115.068
195000 40.117 41.2916 34.743 116.152
196000 39.8908 40.3545 34.1746 114.42
197000 40.6167 40.9253 34.3703 115.912
198000 40.3762 40.6547 35.186 116.217
199000 41.1733 40.1284 35.2053 116.507
200000 41.7185 40.2081 35.6062 117.533
201000 41.9076 40.7617 36.0159 118.685
202000 42.1826 41.5514 35.7647 119.499
203000 42.8787 42.3773 35.8326 121.089
204000 42.3141 41.3021 36.5419 120.158
205000 42.8154 42.4442 36.7277 121.987
206000 42.9292 42.3912 36.501 121.821
207000 43.6162 42.6968 36.9788 123.292
208000 43.4797 43.1056 36.9802 123.566
209000 43.6946 42.9048 37.1552 123.755
210000 44.7782 43.3927 37.7404 125.911
211000 44.8876 43.3295 38.1697 126.387
212000 44.9753 44.3541 37.7847 127.114
213000 45.4823 45.2195 38.1248 128.827
214000 46.2631 44.9815 38.3382 129.583
215000 45.8377 44.3191 38.0254 128.182
216000 46.4604 44.39 38.4999 129.35
217000 46.9063 45.0477 39.2351 131.189
218000 47.5932 45.4494 40.1853 133.228
219000 47.2306 45.5227 39.8595 132.613
220000 46.9198 45.0542 40.5155 132.49
221000 46.8174 45.0829 40.6034 132.504
222000 47.8763 45.6761 40.8087 134.361
223000 48.2257 46.3911 41.3154 135.932
224000 48.3631 47.3287 42.6367 138.329
225000 47.7959 47.5251 42.155 137.476
226000 47.933 47.4655 41.0756 136.474
227000 49.2807 48.3571 41.268 138.906
228000 48.9999 47.6144 41.8826 138.497
229000 49.9773 48.9869 42.0801 141.044
230000 49.7234 48.9637 41.6278 140.315
231000 49.9696 48.1701 41.3288 139.468
232000 48.8429 48.2258 41.1238 138.193
233000 49.6383 48.4849 42.8715 140.995
234000 49.7594 48.2107 43.4628 141.433
235000 50.122 48.5051 42.8064 141.433
236000 50.5015 48.6042 43.0435 142.149
237000 50.2883 48.6388 43.3298 142.257
238000 50.1398 48.6644 42.9777 141.782
239000 50.1607 48.5313 42.3332 141.025
240000 51.4576 48.832 43.5814 143.871
241000 51.85 48.7529 43.1797 143.783
242000 51.3332 49.1972 43.2864 143.817
243000 51.4245 49.4055 43.4564 144.286
244000 51.0782 49.0985 43.1912 143.368
245000 51.7474 50.1156 43.5418 145.405
246000 52.82 50.8536 44.2424 147.916
247000 52.633 50.4339 44.3069 147.374
248000 53.4049 51.0727 44.5789 149.057
249000 53.9649 51.5421 45.1695 150.676
250000 54.3693 51.0659 45.7 151.135
251000 54.1597 50.9161 45.4241 150.5
252000 54.3293 51.3653 46.1197 151.814
253000 54.7217 51.3065 45.9525 151.981
254000 55.229 51.5032 45.9257 152.658
255000 54.6294 50.7367 45.9047 151.271
256000 54.9667 51.2398 46.0317 152.238
257000 54.6912 52.2304 46.283 153.205
258000 55.5783 52.5412 46.3613 154.481
259000 55.838 51.8655 45.9016 153.605
260000 56.4682 52.1271 46.9524 155.548
261000 55.895 52.4188 48.2142 156.528
262000 57.0212 52.8798 47.8753 157.776
263000 57.0286 52.2338 47.5968 156.859
264000 56.1655 52.169 47.3048 155.639
265000 56.6749 52.3109 47.5486 156.535
266000 57.9562 52.599 48.5026 159.058
267000 57.7235 52.0949 48.2508 158.069
268000 58.8403 53.2994 47.552 159.692
269000 59.3962 53.1343 48.4967 161.027
270000 58.8763 53.2077 48.6851 160.769
271000 58.5949 53.1266 47.9945 159.716
272000 60.0892 53.572 48.4233 162.084
273000 59.3988 53.9221 48.3654 161.686
274000 60.9227 54.2787 48.5613 163.763
275000 61.1557 54.2887 48.3327 163.777
276000 62.0096 55.838 49.165 167.013
277000 62.1346 56.5736 49.2955 168.004
278000 62.4813 56.1774 49.0575 167.716
279000 63.0105 57.5273 49.2402 169.778
280000 62.0058 56.3488 48.4703 166.825
281000 61.6214 57.2971 49.2149 168.133
282000 62.1912 56.9439 49.4284 168.563
283000 62.8145 58.2875 49.4737 170.576
284000 63.0993 58.0865 49.445 170.631
285000 62.9121 57.7439 49.5774 170.233
286000 63.4581 58.5482 51.2909 173.297
287000 62.7909 58.3526 49.5416 170.685
288000 64.1008 59.4771 49.9833 173.561
289000 62.3109 58.483 49.292 170.086
290000 63.5204 58.8679 50.0156 172.404
291000 64.0173 58.9831 50.5135 173.514
292000 64.8584 59.4448 50.4899 174.793
293000 64.2583 58.9527 50.1944 173.405
294000 64.5859 59.2171 50.296 174.099
295000 64.7904 58.9006 50.1142 173.805
296000 64.8294 59.3519 50.7548 174.936
297000 66.3166 60.2349 51.8514 178.403
298000 65.7028 59.7623 51.1109 176.576
299000 64.8857 59.2288 51.0589 175.173
300000 65.8379 60.5828 50.6236 177.044
301000 66.0216 60.6439 50.7349 177.4
302000 66.5969 61.1114 50.7649 178.473
303000 65.9257 60.859 50.2838 177.068
304000 65.7232 60.2309 51.3183 177.272
305000 64.7715 60.2842 51.7446 176.8
306000 64.7506 59.2556 52.3243 176.331
307000 65.1952 59.3668 52.8174 177.379
308000 64.6248 59.5161 51.837 175.978
309000 65.9589 60.1191 51.7911 177.869
310000 65.9834 60.2305 51.3581 177.572
311000 67.1328 60.6957 51.3381 179.167
312000 66.7872 60.1377 51.3627 178.288
313000 66.2327 60.3353 51.6654 178.233
314000 67.945 61.5775 51.3989 180.922
315000 66.7655 60.7185 51.299 178.783
316000 66.659 61.004 51.6029 179.266
317000 66.7824 60.539 51.3552 178.677
318000 66.1506 60.4641 52.0335 178.648
319000 66.5779 61.1473 52.233 179.958
320000 66.8701 60.7137 52.6778 180.262
321000 67.0721 60.8377 52.4671 180.377
322000 68.5376 62.0386 53.1026 183.679
323000 68.2086 62.0509 52.6345 182.894
324000 69.6568 62.778 53.3748 185.81
325000 69.4339 61.6214 53.3861 184.441
326000 69.5093 61.2669 52.6636 183.44
327000 70.4503 62.5437 53.8522 186.846
328000 69.6392 62.0086 53.6037 185.252
329000 69.9029 62.2524 53.9012 186.056
330000 69.6754 61.9077 54.1756 185.759
331000 69.7908 63.3366 54.5421 187.67
332000 70.106 64.2789 54.8602 189.245
333000 69.9586 64.0416 53.6096 187.61
334000 70.0357 64.8332 54.3044 189.173
335000 68.9282 63.994 54.3041 187.226
336000 70.0436 63.3444 54.2772 187.665
337000 69.8292 63.197 55.6517 188.678
338000 69.1441 62.4298 55.4667 187.041
339000 70.943 63.9263 57.0008 191.87
340000 70.5263 63.5677 56.8097 190.904
341000 70.4688 62.7524 57.5831 190.804
342000 70.7072 63.5066 58.2592 192.473
343000 71.4581 63.8867 58.3771 193.722
344000 70.4121 63.4406 58.2558 192.109
345000 72.3364 64.2733 59.0875 195.697
346000 72.1408 63.3625 58.3072 193.811
347000 72.7084 64.1885 58.587 195.484
348000 72.9584 64.783 58.4153 196.157
349000 72.9394 65.5191 58.2201 196.679
350000 72.8685 65.2984 59.2434 197.41
351000 72.7266 66.2641 60.3486 199.339
352000 71.8445 65.2876 60.2632 197.395
353000 71.8371 66.1078 59.8409 197.786
354000 71.9937 66.3172 60.4473 198.758
355000 73.3077 67.4094 60.859 201.576
356000 72.9615 67.693 60.373 201.028
357000 73.4225 67.97 61.6247 203.017
358000 74.292 68.1761 62.2039 204.672
359000 73.428 68.5456 62.1324 204.106
360000 73.833 67.9618 62.3762 204.171
361000 75.516 69.6815 62.559 207.756
362000 75.4655 69.2283 63.4034 208.097
363000 76.9825 70.9773 63.7452 211.705
364000 76.1374 71.31 63.4906 210.938
365000 75.8228 71.4484 63.9369 211.208
366000 75.9287 71.1142 64.0578 211.101
367000 75.8276 70.9635 63.9926 210.784
368000 75.7331 71.1742 64.199 211.106
369000 75.945 71.2219 64.6722 211.839
370000 75.6928 70.7535 64.081 210.527
371000 76.0621 71.3514 64.5409 211.954
372000 76.9298 72.2726 66.6026 215.805
373000 76.7422 72.5515 67.1974 216.491
374000 77.1341 72.0628 67.3202 216.517
375000 76.8389 71.3319 66.935 215.106
376000 76.1354 69.8734 65.3267 211.336
377000 77.6183 70.8504 67.5534 216.022
378000 76.3758 70.1992 68.4115 214.987
379000 77.3397 71.1443 67.4961 215.98
380000 77.6825 73.0153 68.4979 219.196
381000 76.9274 72.1803 67.9277 217.035
382000 77.2609 71.4078 68.4535 217.122
383000 78.9859 72.242 69.0699 220.298
384000 80.5626 72.651 70.4745 223.688
385000 78.369 72.2456 69.7526 220.367
386000 80.6582 72.5651 71.0918 224.315
387000 79.5763 72.8842 70.6862 223.147
388000 80.8071 73.7872 71.0029 225.597
389000 79.023 73.2351 69.5351 221.793
390000 79.4227 73.4472 71.3654 224.235
391000 79.9756 74.1669 70.7472 224.89
392000 81.3992 74.2686 72.0294 227.697
393000 81.2445 74.2312 71.8146 227.29
394000 81.4147 73.8597 71.1223 226.397
395000 81.4496 74.6966 71.2005 227.347
396000 81.8209 74.0546 71.8226 227.698
397000 81.9758 75.0975 70.908 227.981
398000 81.7868 75.1588 70.945 227.891
399000 83.743 75.8961 71.8052 231.444
400000 83.9944 74.7583 71.9276 230.68
401000 83.1352 75.1961 71.4516 229.783
402000 83.0667 75.2447 71.1961 229.507
403000 82.7992 74.827 70.2137 227.84
404000 83.5219 77.646 70.9832 232.151
405000 82.7681 76.5516 69.4127 228.732
406000 84.4106 77.9699 70.8425 233.223
407000 85.2641 77.6989 70.6145 233.577
408000 85.8465 77.7827 71.4315 235.061
409000 86.9685 78.7937 72.9882 238.75
410000 87.3395 78.2938 73.4568 239.09
411000 87.3402 76.9373 72.5331 236.811
412000 86.9788 77.0807 73.2708 237.33
413000 86.6987 77.3827 72.853 236.934
414000 86.9564 76.8538 71.9775 235.788
415000 86.8642 75.2042 72.4355 234.504
416000 87.4373 75.6894 72.5002 235.627
417000 88.0277 75.6851 72.3634 236.076
418000 88.8203 76.1546 73.6444 238.619
419000 89.0006 76.0418 73.6637 238.706
420000 88.5962 76.4181 74.1931 239.207
421000 89.7013 76.7395 74.3671 240.808
422000 88.1438 76.264 74.2767 238.684
423000 88.7118 76.6446 74.0608 239.417
424000 89.2889 76.1169 74.2967 239.703
425000 89.6207 75.3166 74.3125 239.25
426000 91.1432 76.2676 75.0351 242.446
427000 91.3722 76.5238 75.9386 243.835
428000 90.686 76.777 74.5563 242.019
429000 90.4625 77.1664 75.2093 242.838
430000 91.1969 78.1495 75.68 245.026
431000 91.8296 77.6431 76.8068 246.28
432000 91.5045 78.4756 76.571 246.551
433000 92.8693 79.5219 77.2715 249.663
434000 92.7651 79.282 77.746 249.793
435000 93.4472 79.5846 78.4495 251.481
436000 93.5466 78.7753 77.873 250.195
437000 94.4669 79.5872 78.7221 252.776
438000 93.7518 79.7469 78.6647 252.163
439000 93.6193 79.7728 80.5825 253.975
440000 93.5472 79.9188 79.2403 252.706
441000 93.2056 79.6157 79.8426 252.664
442000 94.7081 80.0277 80.704 255.44
443000 94.4976 80.5462 79.9761 255.02
444000 94.1259 80.0056 80.4273 254.559
445000 94.7789 80.4948 79.8722 255.146
446000 96.3569 81.1325 81.0337 258.523
447000 95.2707 81.445 80.8469 257.562
448000 94.9097 82.0788 81.2852 258.274
449000 94.3445 81.4146 80.4337 256.193
450000 94.9229 82.8993 81.3875 259.21
451000 95.7916 81.2745 80.4409 257.507
452000 95.6938 81.4129 80.8208 257.927
453000 95.4536 81.1136 80.6137 257.181
454000 97.315 81.6636 81.9559 260.935
455000 97.0907 81.0307 81.6773 259.799
456000 97.7783 81.6298 81.2993 260.707
457000 98.1891 82.555 82.7534 263.497
458000 98.4376 82.4873 82.384 263.309
459000 98.0067 81.8745 81.6118 261.493
460000 98.6443 83.4345 82.2936 264.372
461000 99.9875 82.6071 82.3902 264.985
462000 99.529 82.9873 82.9771 265.493
463000 100.892 83.9355 83.2531 268.081
464000 102.192 83.9511 83.3988 269.542
465000 102.3 83.575 83.5417 269.417
466000 102.644 83.924 83.4576 270.025
467000 103.446 84.143 83.7265 271.316
468000 102.725 84.7238 83.7727 271.222
469000 101.903 84.4647 84.4522 270.82
470000 102.958 86.7419 85.3572 275.057
471000 103.986 87.3513 86.2006 277.538
472000 104.88 87.5036 86.6572 279.04
473000 105.628 87.3805 85.6922 278.701
474000 105.76 86.7024 85.61 278.073
475000 105.937 86.9286 86.5961 279.461
476000 106.501 88.5099 88.7181 283.729
477000 105.456 87.3031 87.7471 280.506
478000 105.413 86.6214 87.1552 279.189
479000 105.047 86.5845 88.8364 280.468
480000 105.304 87.9248 88.7433 281.972
481000 103.627 87.8983 88.6447 280.17
482000 104.724 88.246 88.6971 281.667
483000 105.829 88.2301 89.9003 283.959
484000 106.907 88.9481 91.4 287.255
485000 106.501 90.2235 91.3957 288.121
486000 105.923 91.2036 90.9863 288.113
487000 104.997 91.0616 91.2374 287.296
488000 104.368 90.682 91.8228 286.873
489000 107.307 91.3233 92.2738 290.904
490000 106.482 91.636 92.8671 290.985
491000 104.842 90.2159 92.8504 287.908
492000 105.483 90.9149 93.2235 289.622
493000 106.03 91.4827 94.774 292.287
494000 105.407 91.2821 93.9638 290.653
495000 104.889 91.0779 94.3251 290.292
496000 104.731 91.2808 95.3353 291.347
497000 104.792 91.6089 96.0456 292.446
498000 103.522 92.4069 94.4377 290.366
499000 104.249 92.9072 94.0261 291.183
500000 105.629 94.1066 96.6148 296.35
501000 105.125 95.2185 96.4655 296.809
502000 107.702 97.0921 96.8747 301.668
503000 106.968 96.1509 96.5995 299.719
504000 107.251 96.0408 96.4019 299.694
505000 105.817 95.8275 95.8155 297.46
506000 106.831 96.3729 97.0715 300.275
507000 106.559 96.3952 96.1022 299.057
508000 106.986 97.3666 96.6491 301.002
509000 107.543 97.0256 96.4744 301.043
510000 107.299 96.9841 96.6553 300.938
511000 106.419 97.38 96.8646 300.664
512000 105.665 97.644 96.5481 299.857
513000 107.37 97.152 96.6345 301.157
514000 107.39 97.3335 97.1636 301.887
515000 108.95 99.3055 99.5157 307.772
516000 109.159 100.974 99.8665 309.999
517000 109.05 100.159 99.4707 308.68
518000 108.459 100.389 99.8808 308.729
519000 108.25 100.411 99.469 308.13
520000 108.664 101.004 102.116 311.784
521000 110.278 101.171 102.615 314.064
522000 108.079 100.671 100.324 309.075
523000 109.736 102.266 101.028 313.03
524000 110.485 100.826 100.784 312.094
525000 110.317 102.48 101.499 314.296
526000 110.195 101.341 101.575 313.11
527000 110.376 101.788 102.531 314.696
528000 111.349 103.145 103.444 317.939
529000 109.068 101.356 101.818 312.242
530000 109.877 102.698 102.699 315.274
531000 108.215 101.798 101.512 311.524
532000 108.865 101.684 101.127 311.677
533000 110.357 101.591 101.966 313.914
534000 110.801 102.89 102.218 315.909
535000 110.325 103.459 102.54 316.325
536000 109.896 103.611 101.639 315.145
537000 110.222 106.212 103.499 319.932
538000 110.696 105.572 102.414 318.682
539000 112.129 106.935 103.862 322.926
540000 113.297 106.893 104.841 325.03
541000 112.348 106.067 103.158 321.573
542000 111.012 106.068 101.866 318.947
543000 112.425 106.078 102.579 321.082
544000 112.993 105.446 101.927 320.367
545000 113.046 106.565 103.055 322.667
546000 112.809 106.433 102.284 321.526
547000 113.308 106.068 103.008 322.385
548000 116.647 107.86 104.51 329.017
549000 115.982 106.559 104.316 326.857
550000 117.246 107.747 105.99 330.983
551000 117.563 107.961 105.123 330.647
552000 117.369 107.473 106.01 330.852
553000 116.834 106.024 104.787 327.645
554000 117.891 107.47 106.155 331.516
555000 118.288 107.634 105.95 331.872
556000 118.014 108.949 106.118 333.081
557000 117.043 108.588 106.638 332.27
558000 117.001 109.273 107.402 333.676
559000 117.741 109.903 108.242 335.885
560000 118.232 110.734 109.779 338.744
561000 118.531 110.384 109.41 338.324
562000 117.249 111.331 109.867 338.447
563000 115.875 109.542 109.11 334.528
564000 117.873 110.356 110.191 338.42
565000 116.816 110.004 109.619 336.439
566000 117.367 112.032 109.857 339.256
567000 116.195 111.358 107.584 335.136
568000 117.436 111.394 109.499 338.329
569000 117.614 112.43 109.588 339.633
570000 118.944 113.302 110.382 342.628
571000 119.847 114.204 111.276 345.327
572000 120.593 116.072 111.954 348.619
573000 121.371 115.729 113.943 351.043
574000 120.749 113.895 112.99 347.633
575000 121.564 114.848 112.873 349.284
576000 121.791 115.632 114.703 352.125
577000 123.698 115.761 114.94 354.4
578000 124.299 116.916 115.255 356.47
579000 125.832 118.73 117.885 362.447
580000 123.47 116.296 114.778 354.545
581000 123.552 116.837 116.334 356.722
582000 122.092 115.265 114.823 352.18
583000 123.859 115.886 115.256 355.002
584000 123.781 114.84 114.906 353.527
585000 123.12 116.845 115.069 355.035
586000 122.99 115.576 114.95 353.516
587000 122.004 114.907 114.057 350.968
588000 122.909 116.27 114.985 354.164
589000 122.836 115.673 113.632 352.141
590000 123.62 117.945 115.809 357.375
591000 121.817 115.921 113.316 351.053
592000 122.459 115.864 115.202 353.525
593000 123.253 117.991 116.5 357.744
594000 126.382 119.04 117.271 362.694
595000 125.654 119.891 118.443 363.988
596000 126.339 119.549 118.227 364.115
597000 127.269 119.728 119.27 366.268
598000 127.333 119.072 119.257 365.662
599000 126.394 117.799 119.147 363.34
600000 127.81 120.254 121.598 369.662
601000 126.816 119.417 120.767 367.001
602000 126.099 118.699 120.372 365.169
603000 126.373 118.947 121.325 366.644
604000 128.226 118.735 120.701 367.662
605000 127.982 119.914 121.851 369.748
606000 126.54 119.365 121.026 366.931
607000 125.966 119.651 120.548 366.164
608000 126.611 120.123 120.449 367.183
609000 127.494 119.944 121.39 368.828
610000 128.158 120.007 120.963 369.128
611000 128.08 120.365 121.034 369.48
612000 126.531 120.863 120.44 367.834
613000 128.587 120.073 122.393 371.053
614000 128.745 120.91 121.69 371.345
615000 129.266 121.795 122.668 373.73
616000 128.26 121.1 121.035 370.395
617000 128.691 121.672 121.795 372.159
618000 128.903 122.189 121.575 372.667
619000 130.371 123.125 122.035 375.532
620000 129.266 123.271 122.68 375.217
621000 129.027 123.228 121.339 373.594
622000 128.176 123.399 121.164 372.739
623000 128.729 123.653 122.716 375.099
624000 128.182 124.133 122.993 375.308
625000 128.088 124.311 121.721 374.12
626000 129.076 126.681 124.505 380.262
627000 127.991 124.65 122.795 375.437
628000 126.96 124.227 121.77 372.957
629000 128.153 125.458 124.219 377.829
630000 127.419 124.984 122.854 375.258
631000 129.049 126.356 124.507 379.912
632000 129.158 125.806 123.235 378.2
633000 129.442 127.398 125.307 382.147
634000 130.887 128.243 125.992 385.122
635000 129.448 128.419 125.292 383.16
636000 130.586 130.553 124.792 385.932
637000 130.271 129.331 123.069 382.671
638000 132.028 129.162 122.505 383.695
639000 128.77 126.992 121.602 377.364
640000 130.96 129.571 123.794 384.325
641000 130.606 127.641 123.233 381.48
642000 130.336 128.165 124.198 382.699
643000 130.924 130.043 124.876 385.843
644000 131.275 128.546 123.974 383.795
645000 132.084 129.747 125 386.831
646000 131.157 128.791 124.666 384.614
647000 132.645 130.357 126.081 389.083
648000 131.265 128.752 125.64 385.658
649000 131.3 128.189 125.776 385.265
650000 131.466 127.565 124.757 383.789
651000 131.381 128.053 125.381 384.816
652000 132.79 128.453 126.329 387.572
653000 131.955 128.175 125.334 385.464
654000 133.077 129.351 126.466 388.893
655000 134.126 129.119 126.212 389.457
656000 132.801 127.614 125.715 386.13
657000 133.774 128.8 125.971 388.545
658000 134.668 130.331 126.578 391.577
659000 134.429 130.606 126.808 391.843
660000 134.392 130.876 126.291 391.559
661000 134.864 131.401 126.439 392.704
662000 134.022 130.68 125.344 390.047
663000 135.371 130.632 125.434 391.437
664000 135.216 131.879 126.074 393.169
665000 135.457 131.401 126.082 392.94
666000 133.991 127.412 122.993 384.397
667000 135.321 128.911 124.683 388.916
668000 137 131.376 127.113 395.488
669000 135.614 130.422 124.178 390.214
670000 135.998 132.171 125.195 393.364
671000 136.795 131.519 124.549 392.864
672000 137.397 132.461 124.596 394.453
673000 138.164 132.381 124.862 395.407
674000 139.152 132.468 125.397 397.018
675000 137.17 130.962 123.689 391.821
676000 136.963 130.118 122.42 389.5
677000 138.326 131.444 123.988 393.759
678000 137.983 131.763 124.546 394.293
679000 138.344 132.608 124.839 395.79
680000 137.035 132.278 123.819 393.132
681000 137.698 134.161 125.315 397.174
682000 136.694 134.242 123.879 394.816
683000 135.752 132.754 123.337 391.844
684000 137.687 133.396 124.985 396.068
685000 138.933 134.563 125.622 399.118
686000 139.019 134.648 124.961 398.628
687000 139.924 135.344 125.934 401.202
688000 138.838 135.328 125.69 399.856
689000 140.679 136.595 126.265 403.539
690000 140.678 136.487 126.329 403.493
691000 139.009 135.784 125.198 399.991
692000 140.026 137.041 125.083 402.15
693000 139.946 137.781 125.552 403.279
694000 138.472 136.442 124.446 399.359
695000 136.858 135.643 123.265 395.766
696000 140.108 136.856 124.676 401.64
697000 140.305 138.29 123.882 402.477
698000 141.843 139.992 125.646 407.481
699000 140.176 138.431 124.46 403.068
700000 142.368 138.955 124.934 406.256
701000 141.92 140.504 126.641 409.065
702000 142.56 139.788 127.639 409.988
703000 144.225 141.21 128.102 413.537
704000 142.898 141.496 128.708 413.102
705000 140.558 139.177 127.463 407.197
706000 143.727 140.239 129.853 413.818
707000 143.407 141.656 130.072 415.135
708000 142.077 139.618 128.18 409.874
709000 142.81 141.877 130.168 414.854
710000 142.505 141.376 128.351 412.232
711000 142.009 141.463 129.227 412.699
712000 144.934 143.067 130.779 418.78
713000 144.714 141.641 130.022 416.377
714000 144.108 142.223 129.258 415.588
715000 144.989 142.811 128.671 416.47
716000 145.008 143.638 130.674 419.32
717000 147.264 143.797 131.558 422.619
718000 147.118 143.153 131.144 421.415
719000 147.349 142.656 130.346 420.351
720000 147.08 142.511 131.076 420.667
721000 148.193 141.198 131.074 420.465
722000 148.941 142.765 132.933 424.639
723000 150.435 142.752 134.177 427.365
724000 149.93 142.586 133.805 426.321
725000 147.847 141.693 133.608 423.148
726000 149.388 141.967 134.609 425.964
727000 147.948 140.955 133.596 422.499
728000 146.429 141.211 133.866 421.506
729000 146.109 140.774 133.571 420.455
730000 148.083 141.278 135.153 424.515
731000 146.744 138.749 133.582 419.075
732000 146.683 140.212 135.06 421.955
733000 149.68 141.968 135.812 427.46
734000 151.321 144.425 137.897 433.643
735000 150.161 144.597 137.888 432.646
736000 151.797 145.47 138.921 436.188
737000 151.449 145.502 139.25 436.201
738000 150.685 145.521 138.455 434.661
739000 152.053 146.128 138.522 436.702
740000 152.968 146.069 137.783 436.82
741000 151.415 145.942 137.245 434.602
742000 153.872 147.661 140.14 441.672
743000 151.074 145.242 138.304 434.62
744000 149.057 143.486 136.971 429.514
745000 149.114 144.399 136.572 430.085
746000 152.024 146.237 139.373 437.635
747000 150.8 145.404 138.281 434.485
748000 152.569 145.593 140.32 438.481
749000 152.51 146.983 140.39 439.883
750000 151.53 146.114 139.974 437.618
751000 154.001 149.671 140.255 443.927
752000 152.641 148.634 140.188 441.463
753000 153.736 149.743 141.042 444.521
754000 150.141 146.003 139.125 435.269
755000 151.453 146.324 139.051 436.828
756000 152.09 148.018 139.783 439.89
757000 153.926 149.778 141.476 445.18
758000 151.903 148.75 140.353 441.006
759000 151.696 147.428 139.22 438.344
760000 152.662 148.316 140.221 441.199
761000 151.789 148.6 140.143 440.531
762000 154.316 150.876 141.216 446.407
763000 152.118 150.408 140.237 442.762
764000 153.837 150.305 141.513 445.655
765000 153.266 149.718 140.518 443.503
766000 153.238 148.772 140.51 442.519
767000 154.647 149.387 140.995 445.028
768000 155.156 151.535 142.231 448.922
769000 154.825 150.31 142.675 447.81
770000 153.309 148.234 140.807 442.35
771000 154.174 148.857 141.481 444.512
772000 152.973 147.683 140.456 441.112
773000 154.96 149.697 141.945 446.601
774000 155.522 152.038 143.949 451.509
775000 155.889 152.699 144.926 453.514
776000 156.644 152.117 145.787 454.548
777000 153.898 150.765 144.722 449.385
778000 154.585 151.499 143.626 449.71
779000 153.008 150.736 143.905 447.65
780000 155.272 152.194 145.671 453.137
781000 153.261 150.935 144.138 448.334
782000 156.168 151.571 146.886 454.625
783000 155.387 151.339 145.686 452.412
784000 156.442 151.792 145.678 453.911
785000 157.084 152.755 146.506 456.345
786000 155.321 151.225 146.02 452.566
787000 155.605 151.533 147.875 455.013
788000 156.141 153.526 148.486 458.153
789000 153.705 151.468 146.756 451.929
790000 154.033 152.551 147.455 454.039
791000 155.305 154.622 147.78 457.707
792000 153.408 153.156 146.483 453.046
793000 156.781 156.613 148.896 462.291
794000 158.663 157.419 150.626 466.708
795000 157.011 156.448 148.663 462.122
796000 156.094 155.683 148.723 460.499
797000 156.826 156.075 149.01 461.911
798000 156.301 156.776 149.591 462.668
799000 154.762 155.276 147.033 457.071
800000 154.073 154.01 147.952 456.036
801000 155.064 155.501 148.363 458.928
802000 156.906 157.59 151.582 466.079
803000 156.508 156.905 150.623 464.036
804000 157.227 156.299 150.741 464.268
805000 156.478 156.568 149.852 462.898
806000 158.774 158.276 151.601 468.651
807000 158.375 158.724 150.73 467.829
808000 157.194 157.026 150.811 465.031
809000 159.208 158.772 152.121 470.102
810000 158.389 158.492 152.192 469.073
811000 158.663 159.58 153.293 471.536
812000 156.111 157.338 151.88 465.33
813000 154.764 155.673 151.324 461.76
814000 158.539 159.187 154.089 471.816
815000 158.261 158.252 152.065 468.577
816000 159.779 161.1 154.492 475.371
817000 159.334 160.951 153.583 473.867
818000 159.01 159.431 152.849 471.29
819000 158.982 159.181 155.217 473.38
820000 156.378 158.072 153.154 467.604
821000 157.396 157.216 153.778 468.39
822000 162.487 160.101 159.367 481.956
823000 160.219 158.714 155.772 474.705
824000 158.835 158.527 156.661 474.023
825000 158.414 158.826 155.181 472.42
826000 159.79 159.73 156.407 475.927
827000 159.585 159.865 156.956 476.406
828000 160.802 160.134 158.635 479.572
829000 161.319 160.163 159.686 481.167
830000 163.679 161.875 162.81 488.364
831000 161.566 160.343 160.604 482.512
832000 162.661 162.417 162.231 487.31
833000 162.788 160.684 160.231 483.703
834000 162.863 160.091 161.181 484.135
835000 164.231 160.073 161.411 485.714
836000 163.869 159.479 161.909 485.257
837000 164.307 160.112 162.572 486.992
838000 163.653 157.475 160.712 481.841
839000 167.239 159.585 162.779 489.603
840000 167.483 158.322 163.609 489.413
841000 164.846 158.15 160.519 483.516
842000 166.377 158.922 160.995 486.294
843000 166.829 159.606 161.762 488.197
844000 168.199 160.197 163.609 492.004
845000 168.502 160.382 161.845 490.728
846000 167.304 160.049 163.419 490.772
847000 164.594 159.773 162.154 486.52
848000 165.856 160.882 163.616 490.354
849000 167.195 162.438 163.132 492.765
850000 168.036 161.678 162.715 492.43
851000 168.638 161.62 162.962 493.22
852000 169.924 162.198 165.166 497.288
853000 170.002 162.539 164.559 497.1
854000 171.571 162.647 164.572 498.79
855000 170.294 162.729 165.664 498.687
856000 170.175 162.708 164.019 496.901
857000 169.737 163.344 164.152 497.233
858000 170.278 162.778 164.798 497.854
859000 169.446 163.301 166.093 498.839
860000 171.123 163.424 166.886 501.433
861000 169.802 161.653 165.731 497.185
862000 170.594 163.284 166.256 500.135
863000 170.615 163.824 165.973 500.413
864000 171.067 163.036 165.199 499.301
865000 171.312 162.52 167.636 501.467
866000 173.265 163.173 167.281 503.72
867000 172.649 164.914 166.789 504.352
868000 170.938 164.844 166.731 502.512
869000 172.769 163.699 166.094 502.562
870000 174.494 166.451 166.842 507.786
871000 174.557 166.379 168.134 509.071
872000 174.683 166.639 168.999 510.321
873000 174.221 165.448 168.047 507.716
874000 173.033 162.997 164.897 500.927
875000 173.394 165.648 166.967 506.009
876000 173.043 165.765 166.078 504.886
877000 172.18 165.545 165.356 503.081
878000 172.888 166.646 165.471 505.005
879000 174.516 166.437 166.311 507.264
880000 175.002 167.698 167.498 510.199
881000 176.538 168.014 168.271 512.822
882000 176.495 168.585 167.86 512.94
883000 176.252 167.993 166.796 511.04
884000 178.35 168.476 167.124 513.951
885000 177.754 168.385 167.989 514.127
886000 178.131 169.187 167.639 514.957
887000 178.646 168.874 166.539 514.059
888000 179.237 169.498 165.93 514.665
889000 178.925 168.988 165.957 513.87
890000 177.293 168.264 164.378 509.934
891000 178.142 167.536 167.138 512.816
892000 178.564 169.203 168.795 516.563
893000 177.822 166.728 166.599 511.148
894000 177.347 166.475 164.316 508.138
895000 176.536 167.794 163.45 507.781
896000 178.987 167.24 165.151 511.378
897000 175.616 167.085 163.521 506.222
898000 178.484 168.605 165.808 512.896
899000 177.192 166.192 164.888 508.272
900000 179.378 167.521 167.135 514.034
901000 178.729 166.765 165.384 510.879
902000 180.394 167.605 167.842 515.841
903000 180.189 166.659 167.372 514.219
904000 181.062 168.715 167.22 516.996
905000 183.296 168.2 169.249 520.744
906000 183.988 168.551 170.458 522.997
907000 184.36 169.105 170.652 524.118
908000 185.68 169.429 171.748 526.857
909000 185.85 168.73 170.89 525.471
910000 185.886 168.8 171.115 525.801
911000 186.514 169.587 171.883 527.985
912000 185.85 169.089 168.591 523.529
913000 185.441 168.528 169.496 523.465
914000 185.509 168.687 170.888 525.084
915000 187.646 170.551 171.327 529.523
916000 186.345 169.925 171.458 527.728
917000 187.39 170.631 171.969 529.99
918000 189.838 172.595 173.064 535.497
919000 188.166 171.726 172.119 532.011
920000 188.183 171.023 171.162 530.368
921000 188.264 171.842 171.787 531.893
922000 188.09 172.927 170.972 531.989
923000 188.415 173.335 171.618 533.367
924000 190.166 174.152 173.595 537.913
925000 189.587 173.909 174.375 537.871
926000 187.812 172.827 172.433 533.073
927000 191.535 174.497 173.721 539.753
928000 193.155 175.414 174.929 543.498
929000 193.042 176.409 175.937 545.388
930000 192.734 175.834 174.075 542.642
931000 191.636 173.844 172.311 537.791
932000 192.258 173.148 172.461 537.867
933000 192.646 172.369 172.344 537.36
934000 193.139 171.815 173.714 538.668
935000 192.773 173.668 174.56 541.002
936000 192.389 173.122 172.099 537.609
937000 195.677 175.094 175.591 546.362
938000 196.419 176.137 175.136 547.693
939000 197.128 177.954 174.727 549.809
940000 195.724 177.493 174.339 547.556
941000 195.914 177.136 173.332 546.382
942000 195.233 176.774 173.227 545.234
943000 195.411 178.362 173.945 547.717
944000 194.72 176.381 173.753 544.854
945000 195.555 177.193 172.993 545.742
946000 194.743 176.332 172.442 543.517
947000 193.591 174.411 170.07 538.073
948000 195.081 176.582 171.57 543.233
949000 197.324 178.992 172.784 549.1
950000 196.566 178.359 172.516 547.44
951000 196.422 179.74 171.982 548.144
952000 195.894 180.063 171.722 547.679
953000 195.222 178.294 172.06 545.576
954000 196.242 180.436 174.543 551.221
955000 196.711 180.301 173.644 550.656
956000 195.076 178.741 173.374 547.191
957000 197.715 179.813 174.575 552.103
958000 199.283 182.209 176.515 558.007
959000 196.824 179.801 174.613 551.238
960000 196.606 178.447 175.551 550.604
961000 197.117 179.174 175.072 551.362
962000 199.518 178.649 175.926 554.093
963000 199.772 179.427 176.103 555.302
964000 197.618 178.115 176.125 551.858
965000 198.393 177.786 176.323 552.501
966000 197.2 178.154 177.063 552.418
967000 198.212 178.616 177.82 554.648
968000 199.046 181.104 179.038 559.188
969000 198.178 179.089 178.781 556.047
970000 199.741 181.118 179.593 560.451
971000 201.069 182.043 180.437 563.549
972000 203.084 183.146 182.543 568.774
973000 204.365 183.112 184.486 571.963
974000 202.176 182.02 180.183 564.379
975000 203.164 183.217 181.81 568.191
976000 201.482 182.028 180.324 563.833
977000 202.165 181.879 180.831 564.875
978000 202.961 181.903 180.163 565.027
979000 199.834 179.122 180.758 559.714
980000 199.907 179.815 180.245 559.967
981000 203.751 183.494 183.086 570.331
982000 203.016 183.246 184.333 570.595
983000 202.419 185.649 184.507 572.575
984000 200.254 183.104 182.208 565.565
985000 199.373 181.76 180.287 561.419
986000 202.007 183.17 180.988 566.164
987000 201.578 186.354 181.364 569.296
988000 201.769 185.363 180.278 567.411
989000 204.964 189.235 181.996 576.196
990000 203.27 186.218 180.421 569.909
991000 201.284 187.195 180.035 568.514
992000 200.786 186.2 178.638 565.624
993000 204.557 189.412 181.942 575.911
994000 202.057 186.657 180.131 568.846
995000 201.473 187.787 179.814 569.074
996000 205.09 190.375 182.5 577.965
997000 202.402 188.629 180.365 571.396
998000 205.306 192.031 183.896 581.233
999000 205.235 190.835 182.495 578.565
1000000 206.975 190.839 184.803 582.617
1001000 205.411 190.699 184.411 580.521
1002000 206.281 189.109 184.491 579.882
1003000 205.955 188.538 184.383 578.876
1004000 206.599 189.507 183.009 579.115
1005000 205.939 190.977 181.73 578.646
1006000 208.406 193.581 186.292 588.279
1007000 207.336 193.103 184.906 585.344
1008000 209.248 194.254 188.206 591.707
1009000 209.126 194.032 188.048 591.206
1010000 207.539 193.938 187.134 588.611
1011000 207.955 193.592 187.865 589.412
1012000 207.821 194.803 187.849 590.473
1013000 206.521 193.033 185.066 584.62
1014000 208.097 192.979 185.059 586.134
1015000 208.67 191.66 185.044 585.374
1016000 206.642 190.089 185.521 582.252
1017000 209.153 192.095 186.612 587.86
1018000 209.227 192.839 187.655 589.72
1019000 207.956 192.106 185.927 585.989
1020000 209.337 193.961 188.819 592.117
1021000 208.094 192.852 189.631 590.577
1022000 205.774 191.871 187.252 584.897
1023000 208.052 192.525 188.383 588.959
1024000 206.763 193.559 188.548 588.871
1025000 208.666 196.346 191.544 596.555
1026000 209.21 197.714 192.765 599.689
1027000 208.357 197.084 192.108 597.548
1028000 207.902 195.323 192.404 595.63
1029000 205.713 193.749 189.364 588.826
1030000 206.588 192.804 191.238 590.63
1031000 207.663 194.322 192.557 594.542
1032000 206.872 192.399 191.38 590.65
1033000 207.995 193.059 191.214 592.268
1034000 206.421 192.13 190.122 588.673
1035000 211.371 196.639 193.266 601.275
1036000 210.108 196.488 192.324 598.92
1037000 207.026 193.156 191.084 591.266
1038000 209.846 196.545 194.703 601.094
1039000 209.678 197.684 195.615 602.978
1040000 209.737 196.922 196.005 602.664
1041000 211.268 196.797 195.487 603.552
1042000 209.58 196.728 196.318 602.626
1043000 211.586 197.351 196.022 604.959
1044000 210.148 197.561 194.777 602.486
1045000 209.343 196.71 195.558 601.612
1046000 210.601 197.684 195.647 603.932
1047000 210.614 197.54 196.571 604.725
1048000 212.542 200.008 197.428 609.978
1049000 211.849 198.073 196.39 606.311
1050000 209.47 198.301 195.93 603.701
1051000 211.884 199.303 199.007 610.193
1052000 212.113 199.904 199.155 611.171
1053000 211.559 200.49 199.884 611.932
1054000 211.181 199.467 199.412 610.06
1055000 210.252 197.905 197.82 605.977
1056000 210.557 198.307 197.971 606.836
1057000 211.196 199.418 199.365 609.979
1058000 212.24 198.416 199.349 610.006
1059000 212.412 198.45 200.597 611.458
1060000 213.686 198.976 201.631 614.293
1061000 213.506 201.156 202.816 617.478
1062000 211.745 198.06 200.554 610.359
1063000 212.363 198.984 201.41 612.757
1064000 212.013 198.774 201.158 611.946
1065000 212.666 200.84 202.582 616.088
1066000 210.657 197.946 199.4 608.004
1067000 212.384 202.153 201.112 615.648
1068000 212.147 201.777 199.996 613.92
1069000 212.07 200.824 199.744 612.639
1070000 212.014 202.408 199.949 614.371
1071000 213.329 203.486 202.048 618.864
1072000 213.182 202.816 201.225 617.223
1073000 213.658 203.244 202.148 619.05
1074000 213.269 201.984 201.521 616.774
1075000 215.5 205.6 202.996 624.096
1076000 216.991 206.506 203.8 627.297
1077000 215.235 206.123 201.716 623.074
1078000 215.744 207.369 202.2 625.313
1079000 215.82 208.505 202.856 627.182
1080000 215.183 209.024 203.735 627.942
1081000 216.094 206.94 202.815 625.849
1082000 218.465 208.724 204.983 632.171
1083000 216.983 209.157 203.81 629.951
1084000 216.7 208.645 203.545 628.89
1085000 215.969 207.316 198.484 621.768
1086000 216.77 209.649 200.855 627.275
1087000 219.291 211.976 203.752 635.019
1088000 217.633 210.82 205.437 633.89
1089000 220.848 214.452 208.175 643.475
1090000 221.928 213.241 205.311 640.48
1091000 221.961 212.864 204.029 638.854
1092000 220.791 213.441 203.61 637.842
1093000 219.86 213.221 201.556 634.636
1094000 221.745 215.073 202.556 639.374
1095000 221.929 214.182 201.95 638.06
1096000 222.502 214.38 202.892 639.774
1097000 220.393 212.9 199.064 632.357
1098000 220.063 212.169 198.495 630.727
1099000 222.954 214.845 201.863 639.662
1100000 219.801 212.894 198.433 631.128
1101000 221.863 213.106 199.931 634.901
1102000 222.528 213.299 198.477 634.304
1103000 223.05 214.088 199.407 636.545
1104000 223.102 213.58 198.963 635.644
1105000 224.488 214.218 199.34 638.045
1106000 225.779 215.953 200.119 641.851
1107000 222.948 215.13 196.92 634.998
1108000 225.213 216.775 199.411 641.4
1109000 227.109 219.115 201.856 648.081
1110000 226.265 218.461 202.1 646.826
1111000 225.079 220.133 200.926 646.137
1112000 226.204 222.15 202 650.354
1113000 225.222 220.473 200.571 646.266
1114000 226.074 221.911 200.327 648.313
1115000 224.968 222.916 200.901 648.785
1116000 225.012 222.485 200.271 647.768
1117000 223.561 221.08 199.03 643.671
1118000 224.713 223.439 200.415 648.567
1119000 221.482 220.882 198.202 640.566
1120000 220.928 219.008 196.744 636.68
1121000 219.788 222.226 197.469 639.482
1122000 221.96 225.722 199.777 647.46
1123000 222.147 225.379 200.601 648.127
1124000 223.287 226.643 202.942 652.872
1125000 221.517 226.657 201.992 650.166
1126000 220.897 226.187 201.774 648.858
1127000 220.606 225.744 201.715 648.065
1128000 221.247 225.759 202.379 649.385
1129000 221.292 225.091 201.602 647.984
1130000 223.315 227.217 202.397 652.93
1131000 223.624 229.188 203.7 656.512
1132000 226.126 228.217 203.263 657.607
1133000 223.767 226.474 203.422 653.662
1134000 223.045 225.915 202.916 651.876
1135000 222.444 225.91 202.747 651.101
1136000 224.821 227.631 204.529 656.981
1137000 223.554 228.653 203.757 655.963
1138000 226.177 229.898 205.308 661.383
1139000 226.87 231.033 206.735 664.637
1140000 222.713 226.145 204.35 653.209
1141000 224.183 227.394 204.956 656.533
1142000 223.185 225.987 205.062 654.234
1143000 225.524 228.388 207.297 661.209
1144000 227.757 230.669 209.561 667.987
1145000 227.084 231.065 208.193 666.342
1146000 228.117 231.352 207.943 667.412
1147000 227.713 231.173 208.246 667.131
1148000 227.955 232.551 207.552 668.058
1149000 227.814 230.142 206.997 664.953
1150000 231.563 232.805 208.459 672.827
1151000 229.958 230.586 207.094 667.638
1152000 233.064 234.008 209.892 676.964
1153000 230.406 233.429 209.613 673.448
1154000 228.501 230.563 207.542 666.606
1155000 229.022 232.547 208.764 670.334
1156000 229.954 233.088 207.794 670.836
1157000 232.379 235.38 210.155 677.914
1158000 232.325 234.868 210.557 677.75
1159000 231.81 233.274 208.318 673.403
1160000 231.55 234.509 209.816 675.875
1161000 231.967 235.746 209.868 677.581
1162000 231.365 235.046 210.57 676.981
1163000 231.421 236.376 210.458 678.255
1164000 230.779 234.905 211.501 677.185
1165000 229.586 235.311 212.481 677.379
1166000 231.669 236.581 212.602 680.852
1167000 231 236.659 212.553 680.212
1168000 230.656 235.39 212.478 678.523
1169000 232.5 237.074 212.974 682.548
1170000 231.306 237.544 210.881 679.731
1171000 232.016 236.383 210.866 679.265
1172000 229.59 234.844 209.266 673.7
1173000 231.949 237.921 211.348 681.217
1174000 228.994 235.09 208.142 672.226
1175000 232.237 236.862 210.32 679.419
1176000 231.581 236.973 209.55 678.104
1177000 232.206 236.163 210.09 678.459
1178000 232.082 235.727 211.331 679.14
1179000 233.672 238.117 212.32 684.109
1180000 230.922 234.717 210.46 676.099
1181000 232.517 236.634 211.802 680.953
1182000 230.573 234.88 208.54 673.992
1183000 231.989 237.727 212.089 681.806
1184000 232.407 237.805 213.375 683.588
1185000 233.033 238.969 212.534 684.536
1186000 232.627 238.082 211.86 682.569
1187000 231.375 238.675 211.972 682.022
1188000 231.945 238.796 211.459 682.201
1189000 233.871 242.954 215.01 691.835
1190000 234.488 241.341 214.698 690.527
1191000 233.243 239.181 212.922 685.346
1192000 235.043 242.789 213.666 691.498
1193000 233.84 241.709 213.459 689.008
1194000 236.45 242.814 216.203 695.467
1195000 235.585 243.918 216.277 695.781
1196000 235.888 243.043 216.094 695.024
1197000 237.4 245.333 218.504 701.237
1198000 237.654 245.679 217.228 700.562
1199000 237.802 246.355 218.575 702.732
1200000 236.993 244.042 217.339 698.374
1201000 236.664 244.433 215.873 696.97
1202000 240.504 249.01 220.039 709.554
1203000 239.558 247.408 218.804 705.771
1204000 239.72 246.016 218.616 704.352
1205000 242.403 248.028 219.064 709.495
1206000 242.66 249.439 219.337 711.436
1207000 243.812 250.3 219.505 713.617
1208000 243.229 251.193 221.475 715.896
1209000 242.377 252.007 222.199 716.582
1210000 241.669 250.198 222.149 714.016
1211000 238.121 250.796 219.881 708.798
1212000 239.526 252.087 219.691 711.305
1213000 240.982 252.245 222.009 715.235
1214000 241.515 249.402 220.859 711.776
1215000 238.299 247.381 218.249 703.929
1216000 244.031 252.608 221.608 718.248
1217000 240.202 249.5 221.295 710.996
1218000 240.397 251.789 223.695 715.881
1219000 238.543 250.44 222.032 711.015
1220000 238.748 249.664 222.237 710.649
1221000 240.1 252.809 223.825 716.734
1222000 242.316 255.743 225.532 723.59
1223000 239.866 253.547 223.065 716.478
1224000 243.078 253.773 225.248 722.099
1225000 243.104 255.686 225.355 724.145
1226000 243.345 254.577 224.996 722.918
1227000 241.588 251.964 224.208 717.76
1228000 241.364 252.532 224.692 718.588
1229000 237.999 251.001 221.733 710.733
1230000 235.948 247.054 220.839 703.841
1231000 239.231 250.298 223.478 713.007
1232000 235.53 248.274 222.122 705.926
1233000 236.602 247.39 221.467 705.459
1234000 239.214 249.793 224.044 713.051
1235000 237.945 249.09 223.03 710.064
1236000 238.929 249.044 224.047 712.019
1237000 235.836 247.618 222.942 706.397
1238000 238.49 248.955 224.411 711.856
1239000 237.817 247.704 225.091 710.611
1240000 237.857 247.227 224.167 709.251
1241000 236.849 246.57 224.244 707.663
1242000 240.354 250.134 227.112 717.599
1243000 239.802 249.103 226.929 715.834
1244000 238.041 246.513 224.118 708.672
1245000 239.739 248.667 224.808 713.213
1246000 240.255 250.868 225.95 717.072
1247000 240.858 251.56 224.897 717.315
1248000 237.137 247.534 222.627 707.298
1249000 237.855 248.765 224.238 710.859
1250000 238.04 248.588 223.509 710.137
1251000 239.653 251.769 225.799 717.221
1252000 239.098 252.154 226.061 717.314
1253000 238.497 252.63 225.618 716.746
1254000 238.928 254.946 226.675 720.549
1255000 239.878 257.324 227.433 724.635
1256000 239.488 256.235 226.877 722.6
1257000 237.786 256.213 224.563 718.562
1258000 239.657 258.356 226.247 724.26
1259000 237.305 255.68 224.674 717.659
1260000 239.311 258.266 226.121 723.698
1261000 236.358 255.275 224.166 715.799
1262000 235.892 255.653 223.12 714.665
1263000 235.342 256.682 223.291 715.315
1264000 237.594 257.505 224.833 719.932
1265000 237.093 257.774 225.433 720.3
1266000 236.041 256.206 225.124 717.371
1267000 238.332 259.569 227.606 725.507
1268000 238.089 259.597 225.712 723.399
1269000 236.114 257.651 223.79 717.554
1270000 238.268 260.246 225.539 724.053
1271000 240.318 262.915 228.546 731.779
1272000 239.167 263.147 229.433 731.747
1273000 238.579 259.978 228.365 726.922
1274000 237.598 260.219 227.548 725.366
1275000 237.177 257.728 226.955 721.86
1276000 237.215 259.536 227.597 724.348
1277000 234.662 256.422 227.417 718.5
1278000 234.171 255.525 226.268 715.964
1279000 237.12 259.082 227.682 723.884
1280000 235.906 258.743 227.197 721.847
1281000 238.688 261.424 230.916 731.029
1282000 236.752 260.4 228.691 725.843
1283000 237.941 261.505 228.979 728.425
1284000 238.551 262.221 228.487 729.259
1285000 237.592 262.061 227.69 727.343
1286000 240.353 264.086 228.837 733.276
1287000 240.896 266.508 230.736 738.14
1288000 238.861 263.018 228.718 730.598
1289000 239.84 264.531 231.038 735.41
1290000 236.13 261.78 228.28 726.19
1291000 238.124 264.101 229.63 731.856
1292000 240.333 265.173 229.959 735.465
1293000 241.705 266.839 231.064 739.608
1294000 243.21 267.696 233.699 744.604
1295000 242.986 267.118 233.197 743.301
1296000 241.795 264.24 230.526 736.561
1297000 240.776 263.239 229.191 733.206
1298000 238.438 262.724 228.888 730.051
1299000 243.92 266.109 234.408 744.437
1300000 243.478 265.893 232.34 741.711
1301000 238.987 263.736 230.354 733.077
1302000 238.283 263.396 230.253 731.931
1303000 239.872 265.459 230.058 735.39
1304000 242.081 268.239 231.385 741.705
1305000 242.592 267.572 232.953 743.118
1306000 240.247 263.955 230.973 735.175
1307000 238.659 262.8 229.209 730.668
1308000 237.673 261.291 225.957 724.921
1309000 240.301 262.544 228.99 731.835
1310000 238.919 262.161 228.187 729.268
1311000 243.633 268.829 232.595 745.056
1312000 243.774 266.327 233.946 744.047
1313000 243.795 266.508 234.591 744.894
1314000 241.75 265.482 231.521 738.753
1315000 241.6 265.608 231.691 738.899
1316000 241.507 264.588 231.579 737.675
1317000 244.261 265.834 233.181 743.275
1318000 246.657 269.474 235.461 751.592
1319000 246.334 267.351 233.168 746.853
1320000 246.334 267.858 232.58 746.772
1321000 244.467 266.138 230.788 741.393
1322000 245.12 267.522 232.213 744.855
1323000 243.332 265.67 228.437 737.439
1324000 244.899 265.606 229.374 739.88
1325000 245.342 265.048 229.7 740.09
1326000 248.961 269.09 232.006 750.057
1327000 250.248 267.023 233.259 750.53
1328000 245.891 265.596 230.362 741.849
1329000 249.614 269.012 234.527 753.153
1330000 249.01 270.481 235.474 754.965
1331000 247.887 266.859 232.953 747.699
1332000 248.472 266.841 233.413 748.726
1333000 248.437 265.802 234.124 748.362
1334000 248.199 266.593 235.112 749.904
1335000 246.472 266.171 233.744 746.387
1336000 247.16 266.643 232.865 746.668
1337000 248.126 267.227 233.178 748.532
1338000 250.165 268.685 235.368 754.218
1339000 252.093 270.44 236.577 759.11
1340000 251.719 269.71 235.989 757.418
1341000 252.208 268.872 233.661 754.741
1342000 252.72 267.174 232.977 752.871
1343000 253.58 267.562 233.941 755.083
1344000 255.624 270.232 233.67 759.525
1345000 256.124 270.529 234.556 761.209
1346000 255.431 269.017 233.986 758.433
1347000 256.281 270.83 235.845 762.956
1348000 256.787 271.675 234.439 762.901
1349000 256.447 271.614 234.386 762.446
1350000 258.461 272.716 237.379 768.556
1351000 259.44 271.197 234.872 765.509
1352000 257.808 272.813 236.377 766.998
1353000 256.006 271.319 234.574 761.9
1354000 258.554 273.835 236.348 768.737
1355000 257.588 271.63 234.075 763.294
1356000 260.698 275.617 237.698 774.013
1357000 257.328 272.511 234.023 763.862
1358000 260.862 274.663 235.611 771.136
1359000 257.463 272.444 233.05 762.957
1360000 261.759 273.745 235.705 771.21
1361000 257.63 270.058 231.209 758.898
1362000 259.726 272.6 233.814 766.14
1363000 260.374 275.46 233.746 769.58
1364000 262.548 276.357 237.235 776.14
1365000 262.167 275.03 235.496 772.693
1366000 265.452 277.475 238.411 781.339
1367000 267.627 279.673 239.627 786.927
1368000 263.027 275.291 237.453 775.771
1369000 270.036 280.601 240.285 790.921
1370000 268.835 280.822 239.425 789.081
1371000 272.055 284.593 243.377 800.025
1372000 270.514 280.456 238.639 789.609
1373000 271.858 282.705 240.09 794.652
1374000 272.295 283.642 241.868 797.805
1375000 271.034 283.368 240.648 795.05
1376000 271.323 285.124 242.109 798.555
1377000 270.149 282.986 241.214 794.349
1378000 271.319 282.773 239.767 793.859
1379000 269.942 282.169 239.377 791.489
1380000 270.198 281.79 239.948 791.936
1381000 269.741 279.838 239.846 789.425
1382000 270.101 280.858 238.654 789.613
1383000 272.006 285.062 241.199 798.267
1384000 270.827 283.873 239.626 794.327
1385000 270.73 285.439 240.118 796.287
1386000 271.951 287.689 241.084 800.724
1387000 270.783 286.171 239.418 796.371
1388000 268.889 284.634 237.775 791.298
1389000 270.064 290.622 240.76 801.447
1390000 268.45 284.89 237.11 790.45
1391000 269.839 285.803 238.243 793.885
1392000 270.58 286.947 239.471 796.997
1393000 265.833 282.403 234.594 782.829
1394000 268.194 284.821 237.587 790.602
1395000 266.34 284.952 236.854 788.146
1396000 270.922 289.424 239.618 799.963
1397000 273.72 291.161 240.276 805.157
1398000 272.611 290.287 239.584 802.481
1399000 275.037 290.58 241.429 807.047
1400000 273.492 290.583 240.589 804.665
1401000 272.843 288.295 239.57 800.709
1402000 269.354 287.735 237.159 794.249
1403000 269.244 286.808 235.12 791.172
1404000 273.733 288.4 237.136 799.269
1405000 273.022 285.75 236.649 795.421
1406000 272.335 286.347 235.572 794.254
1407000 273.292 288.654 236.369 798.315
1408000 274.875 289.13 238.81 802.816
1409000 278.884 292.679 240.859 812.422
1410000 281.364 295.488 245.245 822.096
1411000 281.942 296.254 246.246 824.443
1412000 281.397 295.813 246.436 823.646
1413000 279.632 295.24 245.446 820.317
1414000 280.041 294.305 245.642 819.987
1415000 280.781 294.904 246.439 822.124
1416000 281.94 294.79 246.864 823.594
1417000 283.532 294.888 247.754 826.174
1418000 284.176 295.22 247.832 827.228
1419000 281.637 290.944 246.759 819.341
1420000 279.748 292.478 245.84 818.066
1421000 276.752 289.522 244.043 810.318
1422000 278.122 290.708 243.65 812.48
1423000 282.553 294.297 246.475 823.325
1424000 283.317 296.928 247.918 828.163
1425000 281.721 293.818 248.444 823.982
1426000 277.814 288.185 243.741 809.74
1427000 278.995 289.684 245.267 813.946
1428000 280.186 290.65 246.605 817.442
1429000 282.491 292.195 247.541 822.227
1430000 283.588 293.927 248.461 825.976
1431000 283.306 294.633 247.287 825.225
1432000 287.191 298.004 250.129 835.323
1433000 287.305 298.151 251.73 837.186
1434000 284.175 297.672 250.274 832.12
1435000 286.287 297.895 250.501 834.684
1436000 283.322 295.419 248.025 826.766
1437000 284.073 296.526 248.119 828.719
1438000 281.723 294.373 247.688 823.783
1439000 287.549 298.41 252.477 838.436
1440000 285.657 296.781 250.212 832.649
1441000 289.42 298.091 251.947 839.457
1442000 288.904 300.719 253.546 843.169
1443000 289.132 300.359 251.444 840.936
1444000 292.708 300.602 253.119 846.429
1445000 291.873 297.799 251.02 840.692
1446000 291.92 300.487 254.123 846.53
1447000 287.734 294.274 249.353 831.361
1448000 288.906 295.418 251.033 835.356
1449000 290.297 295.055 252.766 838.118
1450000 288.996 297.144 252.729 838.869
1451000 287.242 294.396 250.522 832.16
1452000 287.994 294.227 251.458 833.679
1453000 284.959 291.671 249.766 826.396
1454000 286.348 293.612 249.612 829.572
1455000 286.152 293.163 248.524 827.839
1456000 286.957 294.145 250.217 831.32
1457000 285.254 293.73 248.598 827.581
1458000 282.47 290.512 247.421 820.403
1459000 284.719 291.858 247.424 824
1460000 281.702 289.359 245.185 816.246
1461000 280.306 290.701 245.771 816.778
1462000 280.782 289.218 244.797 814.798
1463000 281.86 291.498 247.921 821.279
1464000 282.512 291.535 248.335 822.382
1465000 288.085 298.115 251.685 837.885
1466000 288.838 299.042 253.917 841.797
1467000 287.145 298.475 253.059 838.679
1468000 287.371 298.254 252.17 837.795
1469000 285.263 297.188 251.242 833.693
1470000 285.097 295.257 250.729 831.082
1471000 286.688 295.589 251.306 833.583
1472000 286.101 298.279 251.349 835.729
1473000 284.748 294.795 251.429 830.972
1474000 282.889 292.919 250.455 826.263
1475000 290.969 299.616 255.616 846.201
1476000 287.704 295.956 252.811 836.471
1477000 291.212 295.934 255.62 842.765
1478000 287.931 293.566 252.689 834.186
1479000 291.074 296.349 256.16 843.582
1480000 291.003 296.326 255.498 842.827
1481000 291.432 297.331 257.253 846.016
1482000 288.693 294.773 255.493 838.959
1483000 291.115 298.634 259.612 849.361
1484000 289.868 296.98 259.404 846.252
1485000 287.929 295.568 259.361 842.858
1486000 291.285 297.751 261.749 850.785
1487000 288.532 293.641 259.684 841.857
1488000 292.017 296.529 261.466 850.013
1489000 289.538 292.392 256.873 838.803
1490000 294.478 297.797 264.695 856.97
1491000 292.045 294.448 260.977 847.47
1492000 292.062 293.525 260.118 845.705
1493000 292.725 295.609 261.16 849.493
1494000 294.699 298.888 261.092 854.679
1495000 289.567 294.127 257.548 841.242
1496000 290.195 295.536 258.262 843.992
1497000 288.22 293.546 258.514 840.28
1498000 290.894 295.658 259.711 846.263
1499000 294.269 296.755 261.704 852.728
1500000 292.905 298.468 261.449 852.822
1501000 290.468 295.92 259.491 845.879
1502000 294.589 297.367 262.874 854.829
1503000 299.759 301.14 266.103 867.002
1504000 295.994 297.087 262.404 855.486
1505000 300.552 299.582 265.949 866.083
1506000 304.265 301.588 268.759 874.612
1507000 302.193 300.395 268.537 871.125
1508000 302.383 299.693 267.834 869.909
1509000 304.105 300.307 269.276 873.689
1510000 303.616 299.066 269.058 871.741
1511000 301.126 296.492 265.022 862.639
1512000 297.96 294.63 263.041 855.631
1513000 300.364 297.879 265.171 863.414
1514000 299.671 296.803 262.859 859.333
1515000 300.661 298.57 264.927 864.158
1516000 298.964 294.969 262.779 856.711
1517000 301.857 296.533 264.389 862.779
1518000 301.861 297.757 263.776 863.394
1519000 302.112 296.863 264.972 863.947
1520000 301.394 295.313 266.518 863.225
1521000 305.254 297.054 267.663 869.971
1522000 303.599 296.301 266.118 866.018
1523000 302.596 296.495 268.706 867.797
1524000 305.465 298.174 271.316 874.955
1525000 303.928 296.983 271.23 872.14
1526000 302.89 294.593 268.256 865.74
1527000 303.778 296.326 269.414 869.518
1528000 304.282 297.434 271.882 873.598
1529000 300.872 295.083 267.349 863.304
1530000 303.884 298 272.099 873.983
1531000 302.645 297.304 270.429 870.378
1532000 300.549 296.856 271.388 868.793
1533000 298.308 294.416 267.901 860.626
1534000 298.98 298.232 272.058 869.271
1535000 300.842 299.1 273.299 873.241
1536000 300.375 299.178 274.337 873.89
1537000 303.796 302.665 278.16 884.62
1538000 300.505 299.891 275.219 875.616
1539000 302.921 302.82 276.469 882.21
1540000 305.186 302.173 278.012 885.371
1541000 303.429 298.142 273.735 875.305
1542000 310.079 302.57 277.558 890.208
1543000 306.88 301.956 275.968 884.804
1544000 309.416 301.939 279.64 890.995
1545000 309.548 299.588 278.697 887.832
1546000 307.945 297.879 278.08 883.905
1547000 309.284 298.324 278.73 886.339
1548000 310.423 301.753 280.412 892.588
1549000 313.512 303.931 283.274 900.717
1550000 313.381 303.931 281.712 899.024
1551000 317.704 306.402 284.318 908.424
1552000 311.903 304.165 281.061 897.13
1553000 310.811 303.113 281.093 895.017
1554000 310.31 303.574 281.641 895.525
1555000 311.576 303.797 282.7 898.073
1556000 311.533 304.338 282.407 898.278
1557000 311.037 302.727 281.958 895.722
1558000 312.188 302.469 282.958 897.615
1559000 309.092 301.081 281.289 891.462
1560000 311.269 301.875 283.565 896.708
1561000 314.984 305.184 287.365 907.533
1562000 312.034 304.197 287.068 903.298
1563000 314.717 304.389 287.869 906.975
1564000 318.08 305.497 288.484 912.062
1565000 317.372 303.832 289.207 910.411
1566000 315.934 304.946 289.757 910.637
1567000 317.804 306.504 292.105 916.412
1568000 310.847 302.183 288.207 901.236
1569000 314.524 301.056 287.928 903.508
1570000 315.971 301.721 290.996 908.687
1571000 314.231 300.993 292.468 907.692
1572000 317.786 306.13 295.276 919.192
1573000 315.086 306.331 293.014 914.431
1574000 314.213 304.656 293.119 911.988
1575000 309.12 301.953 289.353 900.426
1576000 312.265 307.059 290.508 909.832
1577000 314.453 309.576 293.429 917.457
1578000 313.323 309.005 294.378 916.706
1579000 314.467 309.608 292.316 916.391
1580000 311.235 308.498 290.501 910.234
1581000 313.261 307.788 288.638 909.687
1582000 311.468 308.774 289.292 909.535
1583000 315.377 311.453 291.481 918.311
1584000 309.049 307.327 287.625 904.001
1585000 313.85 310.101 290.252 914.203
1586000 310.113 309.14 289.518 908.771
1587000 311.525 309.784 290.745 912.053
1588000 313.768 311.591 292.447 917.806
1589000 311.374 309.444 291.449 912.267
1590000 315.642 313.074 296.889 925.605
1591000 313.917 310.773 294.662 919.352
1592000 307.371 303.464 288.829 899.664
1593000 311.829 309.696 292.528 914.053
1594000 313.576 310.871 294.369 918.817
1595000 316.588 313.032 295.999 925.619
1596000 317.977 313.259 300.032 931.268
1597000 317.726 314.145 300.564 932.435
1598000 316.606 315.324 298.954 930.884
1599000 313.692 311.445 295.788 920.925
1600000 313.923 310.761 295.715 920.399
1601000 315.532 311.879 295.607 923.018
1602000 316.197 312.098 296.439 924.735
1603000 318.561 312.409 297.036 928.006
1604000 316.621 310.774 296.22 923.615
1605000 320.062 316.061 299.287 935.409
1606000 316.005 309.509 295.785 921.299
1607000 313.398 308.322 295.162 916.882
1608000 316.101 311.802 299.549 927.452
1609000 313.552 310.98 297.216 921.748
1610000 319.44 315.929 301.018 936.387
1611000 316.052 312.748 299.086 927.886
1612000 316.164 314.209 299.744 930.117
1613000 311.866 310.855 295.568 918.29
1614000 316.145 314.476 298.598 929.219
1615000 316.765 315.121 298.001 929.887
1616000 313.732 312.39 294.503 920.626
1617000 316.104 316.136 297.847 930.087
1618000 316.397 317.675 301.035 935.107
1619000 313.224 314.028 298.42 925.672
1620000 310.643 315.391 296.584 922.618
1621000 315.953 316.678 301.178 933.809
1622000 314.034 316.976 299.138 930.148
1623000 316.469 319.272 302.338 938.079
1624000 313.385 315.181 299.307 927.873
1625000 316.755 317.952 301.999 936.706
1626000 316.355 318.71 303.694 938.759
1627000 315.586 319.014 303.046 937.647
1628000 316.347 318.518 303.042 937.906
1629000 312.514 316.497 302.903 931.914
1630000 311.591 318.056 302.639 932.287
1631000 309.108 313.384 299.791 922.283
1632000 309.894 316.833 301.706 928.433
1633000 312.433 319.082 301.522 933.037
1634000 310.94 317.537 302.067 930.545
1635000 313.251 317.607 302.564 933.422
1636000 309.531 314.447 299.052 923.03
1637000 311.27 316.39 304.374 932.034
1638000 309.275 315.527 303.813 928.615
1639000 310.48 317.95 304.967 933.397
1640000 309.077 315.778 303.933 928.788
1641000 310.526 317.803 307.556 935.886
1642000 308.309 319.017 309.459 936.785
1643000 308.446 319.338 308.151 935.935
1644000 306.996 320.119 305.587 932.702
1645000 305.002 318.147 302.91 926.059
1646000 306.954 321.239 306.478 934.671
1647000 308.898 322.546 307.739 939.182
1648000 306.269 321.626 305.645 933.541
1649000 308.272 320.374 305.053 933.7
1650000 309.455 322.433 306.627 938.515
1651000 308.259 319.697 305.049 933.004
1652000 308.356 318.958 303.202 930.516
1653000 309.002 320.716 306.814 936.533
1654000 308.852 320.85 307.802 937.504
1655000 306.142 318.177 307.103 931.421
1656000 312.211 323.571 310.868 946.65
1657000 312.117 321.476 310.584 944.177
1658000 309.998 320.619 310.358 940.975
1659000 310.87 319.532 309.471 939.872
1660000 313.457 321.943 311.434 946.834
1661000 308.689 318.429 307.242 934.36
1662000 307.605 315.394 305.102 928.101
1663000 309.313 316.702 305.931 931.945
1664000 308.879 318.445 307.134 934.458
1665000 311.841 318.101 306.947 936.888
1666000 311.141 318.335 308.473 937.949
1667000 311.356 318.642 309.925 939.923
1668000 310.255 317.044 308.535 935.834
1669000 315.163 320.894 314.191 950.248
1670000 315.424 322.247 316.007 953.678
1671000 312.738 319.009 313.766 945.512
1672000 313.868 320.151 314.27 948.289
1673000 315.488 320.926 315.682 952.096
1674000 314.735 319.579 315.308 949.622
1675000 313.02 318.544 311.87 943.433
1676000 311.596 315.983 311.573 939.152
1677000 314.814 319.246 314.514 948.574
1678000 313.329 320.114 314.632 948.075
1679000 312.298 316.968 313.45 942.715
1680000 317.33 319.307 314.136 950.773
1681000 317.797 319.876 317.765 955.438
1682000 314.643 316.044 313.147 943.834
1683000 317.276 320.391 316.692 954.36
1684000 317.959 322.293 316.604 956.855
1685000 316.804 320.294 316.92 954.018
1686000 318.221 321.508 317.915 957.644
1687000 317.861 321.541 317.127 956.529
1688000 319.012 320.461 318.864 958.337
1689000 318.652 321.398 317.286 957.335
1690000 317.17 320.375 316.868 954.414
1691000 314.356 314.482 311.993 940.832
1692000 319.452 319.24 315.282 953.973
1693000 319.974 316.718 315.447 952.139
1694000 316.722 313.372 310.624 940.718
1695000 317.745 317.033 312.018 946.796
1696000 314.466 314.824 308.607 937.896
1697000 316.207 315.828 309.828 941.863
1698000 319.825 319.176 314.359 953.36
1699000 318.622 317.563 312.202 948.388
1700000 319.767 319.741 316.607 956.115
1701000 317.353 318.454 313.271 949.078
1702000 318.499 320.178 315.822 954.499
1703000 319.734 323.466 318.121 961.321
1704000 320.233 324.618 318.528 963.379
1705000 319.905 324.105 318.271 962.281
1706000 319.77 322.687 316.495 958.953
1707000 321.708 324.617 319.132 965.458
1708000 320.881 323.176 318.024 962.081
1709000 318.477 321.409 317.632 957.519
1710000 319.216 324.576 319.386 963.177
1711000 323.631 327.981 323.311 974.924
1712000 320.604 324.316 320.793 965.714
1713000 320.537 323.187 320.51 964.234
1714000 323.426 324.636 323.088 971.15
1715000 323.416 324.285 321.863 969.564
1716000 321.313 324.363 320.857 966.533
1717000 329.595 331.477 328.179 989.25
1718000 327.711 329.165 327.822 984.699
1719000 325.555 327.743 327.818 981.117
1720000 324.142 327.687 326.443 978.272
1721000 325.711 329.725 326.758 982.194
1722000 326.665 330.752 328.227 985.644
1723000 323.685 327.491 323.452 974.627
1724000 326.892 333.189 327.912 987.992
1725000 326.725 332.135 327.316 986.177
1726000 325.615 332.909 327.573 986.097
1727000 322.564 328.926 324.306 975.796
1728000 325.749 331.364 327.331 984.444
1729000 324.337 329.81 325.109 979.255
1730000 326.845 330.815 327.882 985.542
1731000 326.558 330.536 330.821 987.914
1732000 327.246 332.606 330.638 990.489
1733000 326.198 332.319 329.948 988.465
1734000 323.464 330.408 327.185 981.057
1735000 324.969 331.659 331.185 987.813
1736000 323.307 329.505 329.434 982.246
1737000 324.445 331.511 329.649 985.605
1738000 324.823 332.379 328.647 985.849
1739000 326.828 333.955 329.66 990.443
1740000 324.246 332.532 326.231 983.009
1741000 323.008 332.021 323.087 978.117
1742000 325.921 337.68 328.489 992.09
1743000 324.815 335.637 327.473 987.925
1744000 325.303 335.627 328.167 989.097
1745000 324.881 335.133 327.59 987.604
1746000 326.123 336.53 327.626 990.279
1747000 328.75 336.909 329.579 995.238
1748000 327.084 338.203 329.802 995.089
1749000 323.103 332.537 325.66 981.3
1750000 321.155 332.226 324.952 978.333
1751000 324.127 333.352 325.383 982.862
1752000 323.035 333.121 325.118 981.274
1753000 324.027 333.724 327.864 985.615
1754000 323.386 334.751 330.673 988.81
1755000 320.067 333.031 328.671 981.77
1756000 321.625 335.996 331.119 988.74
1757000 320.782 337.715 332.456 990.952
1758000 320.788 336.537 329.6 986.925
1759000 324.158 339.779 333.846 997.783
1760000 325.785 340.533 333.541 999.859
1761000 323.76 340.257 330.73 994.748
1762000 321.241 338.182 328.942 988.365
1763000 326.439 343.45 332.081 1001.97
1764000 325.867 339.73 331.018 996.615
1765000 327.409 340.987 332.28 1000.68
1766000 323.279 338.485 328.639 990.404
1767000 325.419 338.18 329.407 993.006
1768000 325.034 337.876 327.972 990.882
1769000 322.05 336.215 325.107 983.371
1770000 322.888 336.884 326.864 986.635
1771000 321.057 335.583 323.083 979.722
1772000 324.175 341.09 328.827 994.091
1773000 323.986 339.002 327.073 990.06
1774000 323.953 341.11 329.523 994.587
1775000 326.938 342.602 332.257 1001.8
1776000 323.583 341.272 328.967 993.822
1777000 322.588 338.464 326.227 987.278
1778000 321.658 335.827 326.166 983.651
1779000 324.533 337.886 329.912 992.331
1780000 321.465 335.453 327.404 984.322
1781000 326.231 337.202 331.084 994.517
1782000 325.615 336.907 332.65 995.172
1783000 323.301 334.776 330.939 989.016
1784000 324.973 337.967 331.702 994.642
1785000 325.894 336.699 332.394 994.988
1786000 326.058 337.156 331.156 994.37
1787000 327.99 339.455 332.897 1000.34
1788000 331.218 340.889 335.66 1007.77
1789000 330.205 339.136 332.673 1002.01
1790000 325.531 338.074 330.852 994.457
1791000 325.492 335.97 331.361 992.823
1792000 328.071 340.77 334.414 1003.26
1793000 323.616 338.91 332.317 994.843
1794000 328.017 340.977 336.097 1005.09
1795000 329.528 347.298 337.043 1013.87
1796000 327.167 342.979 334.874 1005.02
1797000 325.727 338.439 331.847 996.012
1798000 331.51 345.003 336.816 1013.33
1799000 329.261 343.841 333.553 1006.66
1800000 334.429 350.107 338.477 1023.01
1801000 331.241 347.648 336.029 1014.92
1802000 335.589 349.533 339.955 1025.08
1803000 333.393 348.612 337.659 1019.66
1804000 331.748 346.615 337.898 1016.26
1805000 332.03 347.736 336.791 1016.56
1806000 331.184 345.92 336.652 1013.76
1807000 332.134 345.351 338.337 1015.82
1808000 333.129 346.888 340.23 1020.25
1809000 334.131 347.552 339.684 1021.37
1810000 334.082 347.371 341.278 1022.73
1811000 334.683 349.238 341.488 1025.41
1812000 334.583 349.291 342.642 1026.52
1813000 329.884 345.627 338.175 1013.69
1814000 333.766 349.349 342.801 1025.92
1815000 334.523 349.006 342.366 1025.9
1816000 334.111 347.726 340.163 1022
1817000 334.181 347.587 341.439 1023.21
1818000 335.711 349.124 343.12 1027.95
1819000 334.229 348.638 343.436 1026.3
1820000 333.551 347.089 340.129 1020.77
1821000 333.221 348.717 339.809 1021.75
1822000 336.198 351.256 342.634 1030.09
1823000 335.548 349.432 340.515 1025.49
1824000 336.522 351.56 340.341 1028.42
1825000 332.555 348.045 336.816 1017.42
1826000 336.904 351.433 340.628 1028.96
1827000 335.152 350.401 340.509 1026.06
1828000 334.795 351.157 339.216 1025.17
1829000 332.604 351.909 338.072 1022.59
1830000 334.741 351.166 338.695 1024.6
1831000 334.346 350.024 337.339 1021.71
1832000 333.599 349.806 336.14 1019.54
1833000 337.867 353.113 338.766 1029.75
1834000 338.138 356.797 339.198 1034.13
1835000 337.947 354.105 339.343 1031.4
1836000 335.154 353.945 337.611 1026.71
1837000 336.835 352.011 336.568 1025.41
1838000 337.245 351.282 336.211 1024.74
1839000 343.362 357.139 342.398 1042.9
1840000 343.366 357.529 343.446 1044.34
1841000 338.856 355.033 340.98 1034.87
1842000 338.118 353.236 339.809 1031.16
1843000 342.087 359.648 344.049 1045.78
1844000 337.952 355.106 342.612 1035.67
1845000 335.714 354.865 339.485 1030.06
1846000 335.676 356.668 342.098 1034.44
1847000 334.933 354.732 340.081 1029.75
1848000 336.331 356.891 341.321 1034.54
1849000 339.018 359.334 344.607 1042.96
1850000 340.705 359.459 347.347 1047.51
1851000 338.997 356.029 343.799 1038.83
1852000 334.494 353.895 341.141 1029.53
1853000 334.512 350.876 338.85 1024.24
1854000 336.477 353.385 343.037 1032.9
1855000 337.878 354.184 343.39 1035.45
1856000 335.909 352.356 341.629 1029.89
1857000 336.968 353.758 338.629 1029.35
1858000 342.449 358.817 344.06 1045.33
1859000 339.815 356.405 339.943 1036.16
1860000 335.077 354.284 338.539 1027.9
1861000 340.709 358.976 343.165 1042.85
1862000 339.917 358.804 342.791 1041.51
1863000 339.866 356.55 342.944 1039.36
1864000 341.742 357.984 343.601 1043.33
1865000 341.868 360.025 345.359 1047.25
1866000 341.044 361.462 343.819 1046.32
1867000 346.234 365.663 348.097 1059.99
1868000 344.631 363.609 346.744 1054.98
1869000 346.591 366.678 350.605 1063.87
1870000 345.993 363.15 348.245 1057.39
1871000 345.981 361.561 348.222 1055.76
1872000 345.065 360.566 348.638 1054.27
1873000 347.375 360.789 347.61 1055.77
1874000 348.566 360.16 349.209 1057.93
1875000 345.28 357.967 345.138 1048.38
1876000 346.244 358.871 347.27 1052.39
1877000 347.15 360.016 346.4 1053.57
1878000 345.92 359.624 346.882 1052.43
1879000 348.573 361.284 352.125 1061.98
1880000 348.081 356.933 351.145 1056.16
1881000 350.194 359.29 352.401 1061.89
1882000 348.518 359.198 351.857 1059.57
1883000 347.667 359.49 351.995 1059.15
1884000 349.543 359.95 354.093 1063.59
1885000 350.725 360.891 352.711 1064.33
1886000 352.534 362.78 354.946 1070.26
1887000 348.119 358.469 351.237 1057.83
1888000 349.523 361.412 352.766 1063.7
1889000 351.035 361.123 353.548 1065.71
1890000 350.702 359.828 354.286 1064.82
1891000 348.546 357.592 352.133 1058.27
1892000 346.803 356.186 350.009 1053
1893000 348.501 358.615 351.492 1058.61
1894000 349.332 357.532 353.022 1059.89
1895000 346.505 356.48 350.542 1053.53
1896000 349.914 358.817 353.489 1062.22
1897000 347.374 356.649 352.205 1056.23
1898000 345.935 353.586 351.218 1050.74
1899000 348.215 354.775 353.333 1056.32
1900000 353.155 360.413 357.707 1071.27
1901000 355.56 363.92 358.681 1078.16
1902000 351.508 361.125 352.575 1065.21
1903000 351.677 361.82 351.315 1064.81
1904000 352.584 359.701 353.284 1065.57
1905000 354.53 359.864 353.419 1067.81
1906000 352.947 359.157 353.543 1065.65
1907000 353.848 358.101 354.663 1066.61
1908000 356.022 360.726 358.391 1075.14
1909000 357.516 363.444 359.297 1080.26
1910000 357.656 364.69 358.807 1081.15
1911000 358 361.9 357.158 1077.06
1912000 357.789 364.32 358.814 1080.92
1913000 356.542 362.193 357.337 1076.07
1914000 357.532 365.912 363.375 1086.82
1915000 352.86 361.158 357.536 1071.55
1916000 354.667 361.588 359.523 1075.78
1917000 358.694 366.321 365.909 1090.92
1918000 353.431 359.849 360.216 1073.5
1919000 354.289 358.604 358.367 1071.26
1920000 354.409 358.229 359.914 1072.55
1921000 358.366 360.852 363.822 1083.04
1922000 359.13 360.647 363.971 1083.75
1923000 358.191 360.486 362.516 1081.19
1924000 354.754 355.133 360.07 1069.96
1925000 354.344 355.622 359.48 1069.45
1926000 359.161 360.708 366.791 1086.66
1927000 355.081 359.137 364.096 1078.31
1928000 359.342 362.779 367.467 1089.59
1929000 359.412 360.81 368.883 1089.1
1930000 363.41 362.725 371.795 1097.93
1931000 360.58 362.994 369.639 1093.21
1932000 359.783 362.379 369.942 1092.1
1933000 357.307 359.133 365.85 1082.29
1934000 355.938 358.41 365.68 1080.03
1935000 357.5 358.23 368.749 1084.48
1936000 358.091 359.167 368.966 1086.22
1937000 359.964 361.736 369.916 1091.62
1938000 358.788 359.053 365.844 1083.69
1939000 360.273 360.031 367.671 1087.97
1940000 362.898 362.504 370.128 1095.53
1941000 361.202 359.407 369.741 1090.35
1942000 364.679 365.238 375.547 1105.46
1943000 363.557 363.696 375.567 1102.82
1944000 365.772 365.641 375.323 1106.74
1945000 365.68 365.651 376.546 1107.88
1946000 362.707 363.757 374.907 1101.37
1947000 360.948 363.085 372.815 1096.85
1948000 365.82 366.908 377.88 1110.61
1949000 359.221 363.238 371.866 1094.33
1950000 364.489 367.827 375.422 1107.74
1951000 368.215 371.121 381.553 1120.89
1952000 367.687 372.814 383.026 1123.53
1953000 368.516 373.457 383.019 1124.99
1954000 369.285 372.733 382.28 1124.3
1955000 365.205 370.867 380.778 1116.85
1956000 368.173 371.048 381.43 1120.65
1957000 369.109 371.176 381.474 1121.76
1958000 366.349 368.58 379.074 1114
1959000 360.249 363.376 375.861 1099.49
1960000 364.741 368.186 381.238 1114.17
1961000 368.027 370.069 384.12 1122.22
1962000 367.449 369.632 384.502 1121.58
1963000 365.686 367.412 382.227 1115.32
1964000 362.441 366.517 381.412 1110.37
1965000 365.441 366.469 382.889 1114.8
1966000 363.382 364.552 381.32 1109.25
1967000 367.988 370.105 389.018 1127.11
1968000 366.814 369.649 388.647 1125.11
1969000 366.058 366.4 387.752 1120.21
1970000 361.957 363.489 382.249 1107.69
1971000 368.133 368.654 387.548 1124.34
1972000 366.613 367.494 386.507 1120.61
1973000 362.015 364.245 382.237 1108.5
1974000 365.296 368.467 387.007 1120.77
1975000 366.429 365.939 386.917 1119.28
1976000 371.997 369.77 391.593 1133.36
1977000 366.021 365.485 388.187 1119.69
1978000 368.351 366.408 391.605 1126.36
1979000 371.486 367.848 394.546 1133.88
1980000 366.77 363.594 389.929 1120.29
1981000 369.417 366.66 394.672 1130.75
1982000 365.833 363.465 390.607 1119.91
1983000 367.027 366.655 392.875 1126.56
1984000 365.857 366.118 393.799 1125.77
1985000 365.575 365.429 392.303 1123.31
1986000 364.497 366.894 391.751 1123.14
1987000 362.62 366.749 390.147 1119.52
1988000 366.405 370.583 393.805 1130.79
1989000 367.244 368.947 395.313 1131.5
1990000 366.801 367.665 393.828 1128.29
1991000 368.363 368.757 396.022 1133.14
1992000 369.702 368.889 394.903 1133.49
1993000 372.508 372.477 399.076 1144.06
1994000 373.605 372.215 400.627 1146.45
1995000 373.451 373.1 398.662 1145.21
1996000 368.388 369.69 392.897 1130.97
1997000 372.533 372.101 396.203 1140.84
1998000 372.068 373.965 398.526 1144.56
1999000 374.153 373.886 397.954 1145.99
2000000 374.128 372.155 400.335 1146.62
