# Time-averaged data for fix noavgmsd
# TimeStep c_h2oMSD[1] c_h2oMSD[2] c_h2oMSD[3] c_h2oMSD[4]
0 0 0 0 0
1000 1.61077 1.53097 1.53635 4.67808
2000 1.88759 1.69806 1.74044 5.32608
3000 2.09729 1.94827 1.9387 5.98426
4000 2.39224 2.15719 2.32003 6.86946
5000 2.84097 2.40218 2.62131 7.86446
6000 2.66521 2.38842 2.48862 7.54224
7000 2.90493 2.51731 2.47816 7.9004
8000 2.76519 2.65736 2.68777 8.11032
9000 2.8833 2.84635 2.64247 8.37213
10000 3.02119 2.90272 2.8416 8.76551
11000 3.11223 2.92553 2.97614 9.0139
12000 3.163 3.06273 2.94965 9.17538
13000 3.1199 3.07826 3.08106 9.27921
14000 3.07056 3.26423 3.1406 9.47539
15000 3.2522 3.48387 3.27232 10.0084
16000 3.36726 3.50614 3.15361 10.027
17000 3.51557 3.5522 3.40046 10.4682
18000 3.49491 3.54234 3.33025 10.3675
19000 3.73165 3.51591 3.66827 10.9158
20000 3.87738 3.63694 3.49714 11.0115
21000 3.79449 3.71228 3.61841 11.1252
22000 3.81532 3.99436 3.76662 11.5763
23000 4.07976 4.05998 4.05034 12.1901
24000 4.06607 4.15313 3.91725 12.1365
25000 4.00729 3.9857 4.27783 12.2708
26000 4.14233 4.18096 4.24726 12.5705
27000 4.14736 4.35139 4.48422 12.983
28000 4.2193 4.24663 4.59712 13.063
29000 4.30198 4.41099 4.66521 13.3782
30000 4.51539 4.66672 4.78934 13.9714
31000 4.45059 4.69086 4.94461 14.0861
32000 4.58276 4.97108 4.92707 14.4809
33000 4.59829 5.24124 4.94687 14.7864
34000 4.67687 5.10708 5.27005 15.054
35000 4.67808 5.02722 5.4329 15.1382
36000 4.98294 5.5358 5.24933 15.7681
37000 4.88602 5.61602 5.31809 15.8201
38000 5.13354 5.72608 5.57343 16.433
39000 5.118 5.71156 5.60522 16.4348
40000 5.27799 6.08053 5.4376 16.7961
41000 5.48778 6.40796 5.54253 17.4383
42000 5.40515 6.29885 5.79032 17.4943
43000 5.55739 6.28583 5.97047 17.8137
44000 5.67759 6.48992 6.05078 18.2183
45000 5.83865 6.61973 6.12072 18.5791
46000 6.18186 6.38074 6.08382 18.6464
47000 6.34272 6.83238 6.10117 19.2763
48000 6.24051 6.8792 6.54436 19.6641
49000 6.56743 6.98989 6.37219 19.9295
50000 6.44993 7.09417 6.26609 19.8102
51000 6.54993 7.36431 6.59815 20.5124
52000 6.98726 7.27361 6.73297 20.9938
53000 7.06053 7.4794 6.52538 21.0653
54000 7.25322 7.67132 6.69246 21.617
55000 7.41076 7.6813 6.5785 21.6706
56000 7.14136 7.50973 6.64109 21.2922
57000 7.27836 7.85241 6.81685 21.9476
58000 7.0276 7.54345 6.93908 21.5101
59000 7.42754 7.78925 7.05887 22.2757
60000 7.53324 7.78019 6.94663 22.2601
61000 7.55663 8.17483 7.1857 22.9172
62000 7.85779 8.06581 7.27796 23.2016
63000 8.0399 8.16934 7.03078 23.24
64000 7.69181 8.27856 7.32071 23.2911
65000 7.85139 8.50987 7.32898 23.6902
66000 8.01013 8.3287 7.29042 23.6292
67000 7.90507 8.56931 7.34685 23.8212
68000 8.07627 8.45389 7.25275 23.7829
69000 8.51515 8.59665 7.30048 24.4123
70000 8.0742 8.69349 7.65321 24.4209
71000 7.9809 8.62869 7.7419 24.3515
72000 8.42772 8.71963 7.62759 24.7749
73000 8.25292 9.00572 7.73913 24.9978
74000 8.71236 8.90369 7.78706 25.4031
75000 8.57202 9.28415 7.72617 25.5823
76000 8.77709 8.84821 7.83251 25.4578
77000 8.93799 9.08113 7.89287 25.912
78000 9.07443 9.21103 7.9887 26.2742
79000 9.10396 9.02102 8.13637 26.2613
80000 9.27955 9.17206 8.59977 27.0514
81000 9.43574 8.95991 8.30422 26.6999
82000 9.42365 9.41651 8.32543 27.1656
83000 9.20476 9.29033 8.39196 26.8871
84000 9.38179 9.35969 8.57741 27.3189
85000 9.27276 9.67267 8.93557 27.881
86000 9.34483 9.98098 8.89596 28.2218
87000 9.36009 10.2448 9.07795 28.6829
88000 9.32456 10.0288 9.63251 28.9858
89000 9.38314 9.87026 9.36624 28.6196
90000 9.79928 10.4379 9.83634 30.0735
91000 9.87394 10.3399 9.7914 30.0052
92000 9.86612 10.5557 9.88233 30.3041
93000 10.0903 10.8848 9.93509 30.9103
94000 9.99337 10.6834 9.7531 30.4298
95000 10.037 10.6343 9.81112 30.4824
96000 10.3543 10.8982 9.72716 30.9797
97000 10.3625 10.9411 10.1874 31.491
98000 10.3767 10.9884 10.0199 31.3851
99000 10.3709 10.9687 10.3905 31.7301
100000 10.5001 11.13 9.94703 31.5771
101000 10.3641 11.0258 10.114 31.5038
102000 10.2956 11.1903 9.75427 31.2402
103000 10.6581 11.1313 9.90385 31.6932
104000 10.3808 11.2677 10.0568 31.7052
105000 10.388 11.2032 10.4233 32.0145
106000 10.3488 11.3426 10.5472 32.2386
107000 10.2411 11.5097 10.5732 32.324
108000 10.5347 11.7687 10.6445 32.9479
109000 10.7222 11.5104 10.7744 33.007
110000 10.7474 11.7231 11.0182 33.4887
111000 10.6184 11.9386 10.6462 33.2033
112000 10.7451 11.5425 10.8555 33.1431
113000 10.6213 11.5783 10.5097 32.7093
114000 10.9504 12.0426 10.851 33.844
115000 10.8218 12.0866 10.7685 33.677
116000 11.008 11.7825 11.0558 33.8464
117000 10.9372 12.0022 11.085 34.0244
118000 11 12.0212 11.1916 34.2128
119000 11.3704 12.216 11.0076 34.594
120000 11.1764 12.1283 11.2013 34.506
121000 11.5139 11.9452 11.3958 34.8548
122000 11.3245 12.3291 11.1282 34.7818
123000 11.4097 12.2656 11.3761 35.0513
124000 11.36 12.3436 11.3458 35.0494
125000 11.6502 12.1969 11.2263 35.0733
126000 11.5227 12.2907 11.4626 35.2761
127000 11.3371 12.3315 11.4605 35.129
128000 11.5219 12.5216 11.5586 35.6021
129000 11.6891 12.835 11.7313 36.2553
130000 11.4891 12.886 11.8441 36.2192
131000 11.353 12.9208 11.7146 35.9884
132000 11.3207 13.1319 11.7752 36.2278
133000 11.7905 13.1395 11.8239 36.7539
134000 11.7109 12.9462 11.6368 36.2938
135000 11.8664 12.9763 11.6833 36.526
136000 11.6609 12.8574 11.7229 36.2411
137000 11.918 12.8354 11.7016 36.455
138000 12.1 13.4765 11.7753 37.3519
139000 12.1253 13.4596 12.0437 37.6286
140000 11.9841 13.3236 12.2041 37.5118
141000 12.1099 13.1257 12.1232 37.3589
142000 12.2376 13.1808 12.1402 37.5587
143000 12.2592 13.3728 12.2243 37.8563
144000 12.4673 13.7867 12.3481 38.602
145000 12.3844 13.6277 11.9667 37.9788
146000 12.8247 13.7297 12.1225 38.6769
147000 12.6819 13.9233 12.3514 38.9566
148000 12.9213 13.7398 12.7556 39.4167
149000 12.6068 13.7793 12.7252 39.1113
150000 12.7689 13.7791 13.0695 39.6175
151000 12.9867 13.7059 13.269 39.9616
152000 12.9014 14.4209 13.4203 40.7427
153000 12.9633 14.4446 13.6101 41.018
154000 13.0308 14.3702 13.7511 41.1521
155000 13.2514 14.7986 13.3681 41.4181
156000 13.1844 14.6478 13.7841 41.6163
157000 13.279 14.3595 13.5703 41.2088
158000 13.3277 14.6991 13.5702 41.5971
159000 13.4764 14.5111 13.4891 41.4766
160000 13.9026 14.7059 13.5371 42.1456
161000 13.6335 14.4263 13.6765 41.7363
162000 13.7952 14.8442 14.2974 42.9368
163000 13.7672 14.8501 13.91 42.5273
164000 13.8108 15.1783 14.0771 43.0662
165000 14.171 15.0471 14.0208 43.2389
166000 14.4586 14.9853 13.8969 43.3408
167000 14.4965 15.1168 14.1409 43.7542
168000 14.9243 15.5384 14.3251 44.7878
169000 15.2207 15.4071 14.4151 45.0429
170000 15.2521 15.5173 14.5482 45.3176
171000 15.6552 15.5381 14.649 45.8423
172000 15.8374 15.5293 14.7215 46.0882
173000 15.7078 15.7104 14.815 46.2332
174000 15.788 15.8417 14.6989 46.3287
175000 15.8228 15.9017 15.0152 46.7397
176000 15.8111 16.2471 14.896 46.9541
177000 15.9095 16.1889 14.7313 46.8297
178000 16.2721 16.3449 14.8584 47.4755
179000 16.1089 16.1277 14.8579 47.0946
180000 16.1002 16.5257 15.0801 47.706
181000 16.0186 16.2095 15.2339 47.462
182000 16.1144 16.3277 15.1067 47.5488
183000 15.8966 16.5951 15.2496 47.7413
184000 16.5557 16.6689 15.3358 48.5604
185000 16.5001 16.8141 15.3432 48.6574
186000 16.7819 16.4413 15.3924 48.6156
187000 17.0888 16.4664 15.3971 48.9523
188000 16.8144 16.9992 15.5514 49.365
189000 16.9578 16.6943 15.6211 49.2732
190000 17.3838 16.9081 15.6899 49.9818
191000 17.7857 16.9314 16.0144 50.7315
192000 17.1696 16.7602 15.9433 49.8731
193000 17.0098 17.1661 16.1903 50.3661
194000 17.3561 17.1228 16.2528 50.7318
195000 17.1418 16.852 16.2288 50.2225
196000 17.4564 16.582 16.7333 50.7717
197000 17.6731 16.7238 16.4618 50.8587
198000 17.7431 17.0372 16.9775 51.7578
199000 17.6089 16.846 16.471 50.9259
200000 17.4821 16.5805 16.6242 50.6868
201000 17.6426 16.505 16.3169 50.4646
202000 17.7137 16.7203 16.3325 50.7665
203000 17.7854 16.7832 16.7689 51.3376
204000 17.7247 16.5244 16.8747 51.1238
205000 18.0209 17.0296 17.2685 52.3189
206000 18.1576 17.0367 17.3699 52.5642
207000 18.0062 17.0733 17.4921 52.5716
208000 18.2415 17.1866 17.3034 52.7316
209000 18.2729 17.3955 17.7886 53.457
210000 18.2958 17.1032 17.7893 53.1883
211000 18.3685 17.4273 17.9635 53.7592
212000 18.6721 17.2863 18.5644 54.5229
213000 18.7569 17.3866 18.8492 54.9928
214000 18.7908 17.6349 18.4566 54.8823
215000 18.7901 17.5719 18.3338 54.6958
216000 19.5515 18.1051 18.6641 56.3208
217000 19.2626 18.0347 18.5568 55.8542
218000 19.5497 17.7201 19.4405 56.7103
219000 19.8221 17.641 18.9207 56.3837
220000 19.4668 18.1472 18.8452 56.4592
221000 19.8332 18.0939 18.9288 56.8559
222000 19.6857 18.1532 18.9453 56.7841
223000 19.8582 17.936 19.058 56.8522
224000 19.8413 18.2818 18.5364 56.6596
225000 19.5329 18.3365 18.6201 56.4895
226000 20.0608 18.8592 19.0595 57.9796
227000 19.5711 18.5859 18.4405 56.5975
228000 20.3979 18.8228 18.6889 57.9096
229000 19.9781 18.6399 19.2895 57.9075
230000 20.1437 18.4087 19.309 57.8614
231000 19.9903 18.6326 19.2566 57.8794
232000 19.7375 18.5148 19.2895 57.5418
233000 20.0466 19.2835 19.5623 58.8924
234000 20.1085 19.3178 19.8911 59.3174
235000 20.2547 19.6298 20.4819 60.3663
236000 19.9671 19.4229 20.444 59.834
237000 20.4809 19.7307 20.4013 60.6129
238000 20.321 19.5718 20.1769 60.0696
239000 20.1397 19.9795 19.7678 59.887
240000 20.4767 19.5683 20.3116 60.3565
241000 20.3618 20.0707 20.528 60.9606
242000 20.8164 20.0225 20.9524 61.7912
243000 21.181 20.3104 21.0604 62.5518
244000 21.3514 20.025 20.802 62.1784
245000 21.4252 20.1749 20.6727 62.2727
246000 21.3574 20.3577 20.7812 62.4963
247000 20.8933 20.124 20.8603 61.8776
248000 20.8833 20.6299 20.6094 62.1227
249000 20.782 20.385 21.0821 62.2491
250000 21.3803 20.5242 21.0198 62.9243
251000 21.0089 20.5476 21.2122 62.7687
252000 21.5227 20.7876 21.6332 63.9435
253000 21.3853 20.6356 21.5573 63.5781
254000 21.56 20.5069 21.5776 63.6445
255000 22.1327 20.9409 21.9639 65.0375
256000 22.1032 21.0181 21.8582 64.9796
257000 22.0511 21.3041 21.896 65.2512
258000 22.0942 21.2426 21.3468 64.6836
259000 22.2102 21.4972 21.8429 65.5503
260000 22.1237 21.592 21.8101 65.5258
261000 21.9068 21.9327 21.6391 65.4786
262000 21.718 21.3465 21.7983 64.8627
263000 21.9934 22.0613 21.7981 65.8529
264000 21.9438 21.8121 22.2158 65.9718
265000 22.4677 21.6314 22.0717 66.1708
266000 22.0936 21.3304 22.0361 65.4601
267000 22.4036 21.4654 22.5583 66.4273
268000 22.6097 21.5255 22.4064 66.5416
269000 23.0629 21.5797 22.8208 67.4633
270000 23.1219 21.5293 22.7757 67.4268
271000 23.1645 21.4888 22.5589 67.2122
272000 22.7862 21.9113 22.6909 67.3884
273000 23.1221 22.0699 22.6497 67.8417
274000 23.4665 22.2607 22.9686 68.6957
275000 23.2097 22.5632 23.067 68.8399
276000 23.3711 22.7657 22.9087 69.0455
277000 23.4469 22.5922 23.1913 69.2304
278000 24.3687 22.512 23.3429 70.2236
279000 23.3882 23.075 23.2309 69.6941
280000 23.6912 23.2047 23.4079 70.3037
281000 23.4431 22.9724 23.4196 69.835
282000 23.5216 23.2185 23.6921 70.4322
283000 23.6462 23.6348 24.1193 71.4002
284000 23.4381 23.3298 23.9284 70.6963
285000 23.5421 23.4794 24.0721 71.0936
286000 23.9579 23.2707 23.9971 71.2258
287000 23.9757 23.2866 23.5531 70.8153
288000 24.1879 23.541 23.7728 71.5017
289000 24.2279 23.3282 24.2628 71.8189
290000 24.3733 23.4627 24.4901 72.326
291000 24.1616 22.9204 24.2634 71.3455
292000 24.6732 23.1727 24.2738 72.1197
293000 25.0948 23.6871 24.612 73.3938
294000 25.1909 23.2803 24.4595 72.9306
295000 25.4578 23.661 24.7188 73.8377
296000 26.0435 23.9184 24.6971 74.6591
297000 25.7058 24.039 24.6489 74.3937
298000 25.8194 24.1749 24.6085 74.6029
299000 25.8622 23.9868 24.694 74.543
300000 25.7168 23.8791 24.3529 73.9488
301000 26.0935 24.1484 25.0039 75.2458
302000 26.024 24.1579 24.7936 74.9755
303000 26.3041 24.6147 24.7421 75.6609
304000 26.1876 24.1447 24.9167 75.2491
305000 26.5578 24.4192 24.6198 75.5967
306000 26.5531 24.5043 24.8296 75.887
307000 26.5905 24.807 24.9853 76.3827
308000 26.7065 24.6843 25.2199 76.6107
309000 26.939 24.7907 24.9294 76.659
310000 26.6088 24.4549 25.1208 76.1845
311000 27.0715 24.899 25.0061 76.9766
312000 27.1566 25.2 25.0266 77.3832
313000 27.662 25.2326 25.3656 78.2602
314000 27.6696 24.9113 25.0995 77.6804
315000 27.6177 25.4776 25.4072 78.5026
316000 27.706 25.3123 25.6066 78.6248
317000 28.1068 24.9301 25.271 78.308
318000 27.9706 25.3914 25.7191 79.0811
319000 28.6264 25.5156 25.7007 79.8427
320000 28.5319 25.6865 25.3849 79.6033
321000 28.3105 25.8984 25.6228 79.8317
322000 28.1432 25.4759 25.8537 79.4727
323000 28.5132 25.1546 25.7745 79.4423
324000 28.1066 25.6419 25.7135 79.4621
325000 28.3837 25.5467 26.1 80.0303
326000 28.389 26.0523 26.0008 80.4421
327000 29.0008 25.885 26.495 81.3809
328000 28.7176 25.6935 26.5914 81.0025
329000 29.4517 25.8448 26.8604 82.1569
330000 29.5917 25.9238 26.6345 82.15
331000 29.4168 25.6015 26.7737 81.792
332000 29.9701 26.0562 27.1273 83.1537
333000 30.2191 25.9684 26.9353 83.1228
334000 30.1594 26.3929 27.0516 83.6039
335000 29.7643 26.3079 26.899 82.9712
336000 30.1665 26.711 26.8873 83.7647
337000 29.7469 26.67 26.9845 83.4013
338000 30.0273 27.0971 27.6337 84.7581
339000 30.132 27.2891 27.7924 85.2135
340000 30.3428 27.1954 27.5408 85.079
341000 30.5592 27.0818 27.722 85.3631
342000 30.8064 27.2427 27.6505 85.6995
343000 31.0162 27.3327 27.5743 85.9231
344000 30.417 27.819 27.4512 85.6872
345000 31.3194 27.872 28.0396 87.231
346000 31.1939 27.9623 28.3532 87.5095
347000 31.1283 28.0534 28.417 87.5987
348000 31.4033 28.3396 28.329 88.0718
349000 31.647 28.6417 28.1701 88.4589
350000 31.5252 28.36 28.3117 88.1969
351000 31.9016 28.064 28.2827 88.2483
352000 31.7765 28.3326 28.1083 88.2175
353000 31.3338 28.2702 27.8596 87.4636
354000 31.7857 28.5297 28.0076 88.3231
355000 32.1672 28.8674 28.5119 89.5465
356000 31.9101 28.1587 28.3128 88.3816
357000 32.3452 28.5994 28.4549 89.3995
358000 32.7084 28.1564 28.6385 89.5033
359000 33.0181 29.0422 28.3215 90.3817
360000 32.7912 28.3995 27.7137 88.9044
361000 33.8615 29.2738 28.5904 91.7257
362000 33.5969 28.9504 28.2446 90.7918
363000 34.5022 29.1724 28.9192 92.5938
364000 34.4282 29.6633 28.8776 92.969
365000 33.4819 29.0763 28.856 91.4143
366000 34.0718 29.1198 28.5254 91.7171
367000 33.4964 29.22 28.4604 91.1769
368000 34.3198 28.9575 28.3877 91.665
369000 34.3881 28.9283 28.3275 91.6439
370000 34.8727 29.2818 28.5351 92.6896
371000 35.7293 29.2976 29.0105 94.0374
372000 35.5346 29.4802 28.9397 93.9545
373000 35.5627 29.568 29.3884 94.5192
374000 36.0155 30.0533 29.1804 95.2493
375000 35.3824 29.7956 28.9203 94.0983
376000 35.5365 30.113 28.976 94.6254
377000 35.6366 30.4053 28.6136 94.6555
378000 35.3534 30.0215 29.0876 94.4625
379000 35.3068 30.7533 29.2287 95.2888
380000 35.5851 30.2792 29.1633 95.0276
381000 35.3442 31.2467 30.042 96.6329
382000 36.0391 31.2357 30.2101 97.4848
383000 35.7129 31.2247 30.6195 97.5571
384000 35.7411 31.3412 31.0973 98.1796
385000 36.2846 31.8093 30.9498 99.0437
386000 36.175 31.5321 30.8344 98.5415
387000 36.395 31.4846 31.0607 98.9403
388000 36.4428 32.3032 31.003 99.7489
389000 36.4554 31.4729 31.2993 99.2276
390000 35.5498 32.25 31.2225 99.0222
391000 35.608 32.2166 31.4345 99.2591
392000 36.4527 32.4439 31.65 100.547
393000 36.3785 32.5857 31.602 100.566
394000 36.6471 32.2867 31.8791 100.813
395000 36.3332 32.3123 31.8957 100.541
396000 36.4502 32.1994 31.8509 100.501
397000 36.1832 32.4736 32.5051 101.162
398000 36.3888 32.1286 31.8781 100.396
399000 36.8849 32.3281 32.5182 101.731
400000 36.4563 33.0337 32.1643 101.654
401000 36.352 32.378 32.3767 101.107
402000 36.7008 32.7518 32.5891 102.042
403000 36.1945 32.3088 31.6632 100.167
404000 36.6904 32.4011 32.0138 101.105
405000 36.5381 33.0163 31.6033 101.158
406000 36.3302 32.7881 32.0775 101.196
407000 36.5866 33.4758 31.8231 101.886
408000 36.6802 33.2969 31.943 101.92
409000 36.1738 33.1779 31.7993 101.151
410000 36.9123 32.9312 31.6394 101.483
411000 37.0949 32.9915 31.7852 101.872
412000 36.811 32.8875 31.3791 101.078
413000 36.3828 33.256 30.9237 100.563
414000 36.0377 32.7428 31.0012 99.7817
415000 37.1572 32.7852 31.0476 100.99
416000 36.8298 32.7262 31.1221 100.678
417000 36.6133 33.6365 31.5499 101.8
418000 36.7833 33.5856 31.5971 101.966
419000 36.2065 33.366 31.4248 100.997
420000 35.8994 33.2606 31.0018 100.162
421000 36.6656 34.0242 31.2411 101.931
422000 36.5126 33.2602 31.1653 100.938
423000 37.0634 33.2184 31.1118 101.394
424000 37.8064 33.2539 31.1978 102.258
425000 37.8263 33.7455 31.7231 103.295
426000 37.615 33.6981 31.1488 102.462
427000 37.6185 33.538 31.5102 102.667
428000 37.4862 33.4321 31.6422 102.561
429000 37.4736 33.104 31.3999 101.978
430000 36.9065 32.5422 31.3985 100.847
431000 37.3037 32.0603 31.4742 100.838
432000 38.2586 32.9687 32.3781 103.605
433000 37.8471 32.2818 32.8503 102.979
434000 38.0681 32.7435 33.0967 103.908
435000 37.8989 32.6998 33.1994 103.798
436000 38.1469 32.3764 33.7756 104.299
437000 37.9602 33.3029 33.8979 105.161
438000 37.4454 33.5114 34.2234 105.18
439000 37.3749 33.258 33.5206 104.154
440000 38.1688 32.8816 34.055 105.105
441000 38.2068 33.2579 33.7684 105.233
442000 38.3149 33.6681 34.235 106.218
443000 38.7459 33.1875 34.7638 106.697
444000 38.0194 33.377 34.7173 106.114
445000 38.5926 33.2861 35.4847 107.363
446000 38.4256 33.4578 34.9835 106.867
447000 38.8476 34.0782 35.4142 108.34
448000 39.4364 33.6362 34.5745 107.647
449000 38.9012 33.0959 34.6413 106.638
450000 39.1859 33.4997 34.9685 107.654
451000 39.0328 33.7406 34.2113 106.985
452000 38.8303 33.6414 34.3697 106.841
453000 39.2712 33.8411 34.5634 107.676
454000 39.4317 33.8571 34.7286 108.017
455000 38.4543 34.5348 35.3252 108.314
456000 39.0668 34.2448 35.0216 108.333
457000 39.107 34.2668 34.9192 108.293
458000 39.1764 34.3126 35.1556 108.645
459000 39.4841 34.4862 35.2408 109.211
460000 39.7076 34.3815 34.7813 108.87
461000 40.3296 34.92 34.8931 110.143
462000 40.041 34.493 35.2904 109.824
463000 39.9056 34.1443 35.5037 109.554
464000 39.9732 34.6542 35.565 110.193
465000 39.9928 34.4118 35.8421 110.247
466000 39.3707 34.9738 35.3953 109.74
467000 39.9511 34.8012 36.1327 110.885
468000 40.1859 35.1512 36.0722 111.409
469000 40.4349 35.2038 35.9671 111.606
470000 40.2113 34.9839 36.0087 111.204
471000 40.5712 35.0392 36.431 112.041
472000 39.8081 35.0962 36.4926 111.397
473000 40.4069 35.1548 36.5058 112.067
474000 40.0972 35.5689 36.7358 112.402
475000 40.8529 35.9393 37.1516 113.944
476000 40.9312 35.4615 36.932 113.325
477000 41.4134 35.7452 36.8282 113.987
478000 41.5318 36.0589 36.5863 114.177
479000 41.8583 36.353 37.4304 115.642
480000 41.8726 36.3438 36.9903 115.207
481000 42.5477 37.019 37.348 116.915
482000 41.694 37.0278 37.243 115.965
483000 41.5098 36.8826 37.1626 115.555
484000 41.3627 36.9473 37.2706 115.581
485000 41.9689 36.9257 37.6804 116.575
486000 40.9647 37.4462 37.6197 116.03
487000 41.3904 36.8173 37.5992 115.807
488000 41.6818 37.6595 38.0491 117.39
489000 41.8652 37.2862 37.6662 116.818
490000 42.3601 38.0998 38.3405 118.8
491000 41.9403 36.9041 38.0523 116.897
492000 42.5187 37.7673 38.5506 118.837
493000 42.2867 37.7459 38.6793 118.712
494000 41.7491 38.3249 38.8756 118.95
495000 42.1628 37.7327 38.7878 118.683
496000 42.3093 38.0932 38.5655 118.968
497000 42.7935 37.7633 38.5943 119.151
498000 43.0185 37.4031 38.7281 119.15
499000 43.707 38.4431 39.1803 121.33
500000 43.2173 37.8755 38.9073 120
501000 43.8047 37.6377 38.9137 120.356
502000 43.0719 37.6838 38.6555 119.411
503000 43.9766 37.8644 39.0317 120.873
504000 44.0716 38.6619 39.1503 121.884
505000 44.0619 38.8779 39.1958 122.136
506000 45.0472 38.8234 39.2906 123.161
507000 44.6001 38.9343 39.5181 123.052
508000 44.8699 39.7796 39.6356 124.285
509000 45.1221 39.737 40.3344 125.194
510000 45.1096 39.6845 40.0994 124.894
511000 45.4041 40.0339 40.1618 125.6
512000 44.9367 40.124 39.8332 124.894
513000 44.5259 40.4154 40.2493 125.191
514000 45.7582 40.4851 39.7611 126.004
515000 45.2283 40.8126 40.3109 126.352
516000 45.2613 40.9217 40.0835 126.266
517000 45.3653 41.6121 40.6009 127.578
518000 45.7414 41.1149 40.6943 127.551
519000 45.0738 41.1392 40.6619 126.875
520000 46.0355 41.2365 40.4419 127.714
521000 46.0019 41.979 40.8711 128.852
522000 45.9102 41.401 40.5218 127.833
523000 46.1919 41.6441 41.1129 128.949
524000 46.2657 40.8947 40.9453 128.106
525000 46.6257 41.5032 41.0274 129.156
526000 47.2453 41.409 40.5314 129.186
527000 46.7797 41.2483 40.5684 128.596
528000 46.2447 40.9407 40.5307 127.716
529000 47.7974 41.4331 41.2545 130.485
530000 46.5076 40.1825 40.2712 126.961
531000 47.9153 41.2065 41.0614 130.183
532000 47.3339 41.0986 40.654 129.087
533000 47.2046 41.0445 40.8139 129.063
534000 47.5976 40.8227 41.004 129.424
535000 46.6544 41.156 40.1696 127.98
536000 47.0563 41.0502 40.6341 128.741
537000 47.2232 41.3251 40.4332 128.982
538000 46.7597 41.1454 41.3562 129.261
539000 47.5234 41.1336 41.1667 129.824
540000 48.0092 41.6093 41.8907 131.509
541000 47.8247 41.1774 42.1173 131.119
542000 47.6427 41.3265 42.5041 131.473
543000 48.1428 41.3991 42.0131 131.555
544000 48.4371 41.4717 42.9982 132.907
545000 48.7983 41.9666 42.8505 133.615
546000 48.1114 41.5424 42.8919 132.546
547000 48.3217 41.6678 42.9924 132.982
548000 47.7453 41.8393 43.5187 133.103
549000 47.9696 41.5779 43.3253 132.873
550000 48.4163 42.019 43.7618 134.197
551000 48.2521 41.6487 43.9464 133.847
552000 48.2328 41.1251 43.6696 133.028
553000 48.5385 41.2489 43.7611 133.549
554000 48.6169 41.3683 44.3532 134.338
555000 49.3837 42.0981 44.7396 136.221
556000 49.5063 42.0031 43.8014 135.311
557000 49.1692 42.2567 44.1516 135.578
558000 48.7939 42.0232 43.6792 134.496
559000 48.7136 41.381 43.911 134.006
560000 48.8453 42.1818 44.3343 135.361
561000 48.3041 42.0956 44.3478 134.747
562000 48.5705 41.9893 44.1058 134.666
563000 48.3416 42.529 44.2191 135.09
564000 49.5204 42.5114 44.3873 136.419
565000 49.5811 42.0944 44.6432 136.319
566000 49.4032 42.2724 44.4156 136.091
567000 50.0247 42.5013 45.2722 137.798
568000 49.1414 42.9444 45.3552 137.441
569000 49.7008 42.4179 44.8649 136.984
570000 49.6559 42.9971 45.8399 138.493
571000 49.445 42.6757 44.8411 136.962
572000 49.9799 43.4516 45.0556 138.487
573000 50.7087 43.0444 45.5205 139.274
574000 49.2052 42.2733 44.7755 136.254
575000 50.4408 42.8603 45.6386 138.94
576000 50.4961 42.6259 45.2591 138.381
577000 50.4353 42.1639 45.4991 138.098
578000 50.6901 42.3591 45.1791 138.228
579000 50.0042 42.1913 45.5959 137.791
580000 50.3452 42.6471 45.0789 138.071
581000 50.6578 42.352 45.4004 138.41
582000 50.3937 42.4997 45.7389 138.632
583000 50.0462 43.2142 46.4327 139.693
584000 49.3115 43.1879 46.4556 138.955
585000 49.9903 43.4531 46.0025 139.446
586000 50.1165 43.4624 45.217 138.796
587000 49.9751 43.3821 45.6432 139
588000 50.7553 42.849 46.1645 139.769
589000 50.2526 43.2343 45.8845 139.371
590000 51.5668 43.2937 46.0875 140.948
591000 51.3261 44.1954 46.2656 141.787
592000 51.0415 43.7764 46.3411 141.159
593000 52.1247 44.8989 46.0859 143.11
594000 51.5945 43.6299 44.9703 140.195
595000 52.0991 44.099 45.5881 141.786
596000 51.458 44.8149 45.6637 141.937
597000 51.4494 44.36 46.2315 142.041
598000 52.2743 45.2231 47.1232 144.621
599000 52.0608 45.3574 47.0525 144.471
600000 52.2924 44.7737 46.729 143.795
601000 52.6432 44.9529 47.6084 145.205
602000 52.127 44.6321 47.7302 144.489
603000 52.8045 44.5819 46.4295 143.816
604000 52.962 45.082 47.4512 145.495
605000 52.1136 44.9119 46.8582 143.884
606000 52.3848 45.6444 46.8781 144.907
607000 53.0936 45.665 48.0167 146.775
608000 54.0186 45.6773 47.2764 146.972
609000 54.2067 44.8563 46.9312 145.994
610000 54.272 44.7932 47.4707 146.536
611000 55.5683 45.4418 48.3823 149.392
612000 54.3493 45.1194 47.7119 147.181
613000 55.344 45.5653 48.257 149.166
614000 55.1264 46.0864 48.4623 149.675
615000 54.7275 45.2646 48.0098 148.002
616000 54.2237 45.347 47.5711 147.142
617000 54.5272 45.4023 47.3899 147.319
618000 54.6073 45.5573 48.1129 148.278
619000 54.9017 45.4849 48.1907 148.577
620000 54.5643 45.0068 47.865 147.436
621000 54.8546 45.713 48.8307 149.398
622000 54.6291 45.7023 47.8765 148.208
623000 54.9673 45.65 48.8273 149.445
624000 54.6294 46.273 48.8992 149.802
625000 54.2611 45.8902 48.7098 148.861
626000 54.4264 45.9179 48.8918 149.236
627000 54.1292 45.873 47.9092 147.911
628000 54.6617 45.9973 48.0452 148.704
629000 53.9015 46.0242 48.0523 147.978
630000 54.4022 46.4542 48.6424 149.499
631000 54.4537 45.9543 48.4891 148.897
632000 53.847 46.5523 48.8082 149.208
633000 54.5299 47.4498 48.8347 150.814
634000 54.486 47.3238 48.9142 150.724
635000 55.4209 47.4616 49.5554 152.438
636000 55.3172 46.9862 49.2186 151.522
637000 55.3657 47.0826 49.5513 152
638000 55.2791 47.4445 49.6655 152.389
639000 55.7621 46.8671 49.2702 151.899
640000 55.2144 47.3466 48.9966 151.558
641000 55.2747 47.3621 49.9135 152.55
642000 56.4118 48.303 49.6983 154.413
643000 56.359 48.4619 49.6098 154.431
644000 56.3322 48.1038 49.1302 153.566
645000 55.7928 49.2456 50.1191 155.157
646000 56.4102 48.9778 50.0851 155.473
647000 56.426 49.7954 50.64 156.861
648000 56.3056 49.1164 50.173 155.595
649000 56.5102 49.7794 50.7073 156.997
650000 56.6797 50.0014 50.384 157.065
651000 56.4902 49.5229 50.2707 156.284
652000 56.0581 49.2748 49.9865 155.319
653000 56.6593 48.9157 49.9715 155.546
654000 57.1732 49.224 49.7625 156.16
655000 56.9161 49.1349 50.24 156.291
656000 56.4191 49.1182 49.8842 155.422
657000 56.9324 49.2333 50.1045 156.27
658000 56.1585 49.1834 49.6564 154.998
659000 56.8243 49.0266 49.6894 155.54
660000 57.1927 49.9574 49.0089 156.159
661000 57.038 50.278 50.2245 157.54
662000 58.1853 49.9275 50.4591 158.572
663000 57.4646 50.1598 49.8343 157.459
664000 57.2064 50.062 49.826 157.094
665000 58.2005 50.677 50.6557 159.533
666000 57.6825 50.8306 50.764 159.277
667000 58.3991 50.8353 50.149 159.383
668000 57.8429 50.7975 50.1668 158.807
669000 58.0957 50.7862 50.3353 159.217
670000 58.6736 50.3187 49.7946 158.787
671000 58.3077 50.5017 50.2907 159.1
672000 57.5716 51.0419 50.6795 159.293
673000 58.7462 51.8044 51.1294 161.68
674000 57.4614 51.6064 51.551 160.619
675000 57.8676 51.5353 52.1957 161.599
676000 57.9835 51.8418 52.1635 161.989
677000 56.7589 51.7627 52.0874 160.609
678000 57.2547 52.2969 51.634 161.186
679000 57.1154 52.1954 52.1431 161.454
680000 57.4019 52.3162 51.4785 161.197
681000 57.7185 52.0296 51.4311 161.179
682000 58.0092 52.1434 51.7859 161.939
683000 57.6692 51.3822 52.031 161.082
684000 57.8014 52.1727 52.415 162.389
685000 57.6776 52.1022 52.5063 162.286
686000 57.8706 52.3324 53.229 163.432
687000 58.456 53.0548 53.409 164.92
688000 58.8926 53.7065 53.5241 166.123
689000 59.2658 54.0212 53.6527 166.94
690000 58.8679 54.1764 53.2914 166.336
691000 59.887 53.8724 54.337 168.096
692000 58.9583 53.3644 53.1192 165.442
693000 59.6537 53.9194 54.0906 167.664
694000 59.6216 54.2696 54.8053 168.697
695000 59.3143 53.2399 54.5499 167.104
696000 58.9484 53.7937 54.0955 166.838
697000 58.8818 53.6845 54.9082 167.474
698000 58.9925 53.8551 54.1577 167.005
699000 59.4761 54.2777 54.924 168.678
700000 60.1116 54.737 55.7394 170.588
701000 60.0886 55.1458 55.7051 170.94
702000 59.7502 55.2618 55.5705 170.582
703000 61.3735 56.1006 55.464 172.938
704000 60.2872 55.526 54.9457 170.759
705000 61.1947 56.3027 55.5231 173.02
706000 61.1961 55.949 55.9289 173.074
707000 61.5377 56.1279 56.1047 173.77
708000 61.1365 55.3157 55.5505 172.003
709000 60.9257 56.5315 56.0855 173.543
710000 61.8925 55.7782 56.2108 173.882
711000 62.0017 55.5665 56.5735 174.142
712000 61.6596 55.7125 55.7761 173.148
713000 61.4249 54.9772 55.0506 171.453
714000 61.6394 55.6664 55.4411 172.747
715000 61.7269 55.5552 56.0376 173.32
716000 61.9153 56.0697 55.8756 173.861
717000 62.0919 55.9859 55.9813 174.059
718000 61.7432 55.5515 55.7714 173.066
719000 61.5973 55.853 55.2361 172.686
720000 61.8832 55.5419 55.8901 173.315
721000 61.5532 55.7654 55.4927 172.811
722000 61.9207 55.639 55.2773 172.837
723000 61.2544 55.0405 55.1411 171.436
724000 61.0867 54.8333 54.7444 170.664
725000 61.5183 55.0279 54.2537 170.8
726000 60.8065 55.3617 53.7775 169.946
727000 61.8475 55.8848 53.5566 171.289
728000 61.7021 55.9998 53.8647 171.567
729000 61.4428 55.6075 53.7041 170.754
730000 61.9417 56.3906 54.7325 173.065
731000 61.9213 56.6544 54.6599 173.236
732000 61.8322 56.1204 54.4913 172.444
733000 61.6063 55.9854 54.4326 172.024
734000 61.6122 56.4377 54.9809 173.031
735000 61.4844 55.8504 54.3594 171.694
736000 61.533 56.6615 55.3639 173.558
737000 61.3033 55.7535 55.7115 172.768
738000 61.1968 55.8787 54.6895 171.765
739000 61.2557 55.7087 54.8226 171.787
740000 61.6835 56.4121 55.8266 173.922
741000 61.2023 55.7172 55.4279 172.347
742000 61.2741 55.5571 55.8257 172.657
743000 62.5595 55.7964 56.3064 174.662
744000 61.921 56.0576 56.0173 173.996
745000 62.2604 56.5925 55.6995 174.552
746000 61.4545 56.263 56.5515 174.269
747000 61.1637 55.3004 56.1811 172.645
748000 61.6476 55.955 57.0743 174.677
749000 61.4372 55.8151 56.4185 173.671
750000 60.9877 56.087 56.5852 173.66
751000 61.9008 56.427 57.2592 175.587
752000 61.8414 56.549 56.4095 174.8
753000 61.879 55.9818 56.6056 174.466
754000 62.3693 56.796 56.8955 176.061
755000 62.3226 56.824 56.9489 176.095
756000 61.4747 55.9209 56.6139 174.009
757000 61.4468 56.5331 56.763 174.743
758000 61.5841 55.7937 57.0015 174.379
759000 60.0864 55.6287 56.4852 172.2
760000 61.3126 57.0504 56.8652 175.228
761000 61.6314 57.3229 57.1796 176.134
762000 61.7068 56.6015 57.3347 175.643
763000 61.4256 56.5475 57.3098 175.283
764000 61.2088 56.7129 57.9992 175.921
765000 61.1767 55.9499 57.5617 174.688
766000 61.6742 57.068 57.91 176.652
767000 60.7784 56.869 57.5441 175.192
768000 61.6419 57.374 58.2029 177.219
769000 61.5496 57.1325 58.0179 176.7
770000 61.6513 57.1715 57.8859 176.709
771000 61.9654 57.4225 58.2364 177.624
772000 61.4471 57.3577 57.6128 176.418
773000 61.1938 57.9092 58.0068 177.11
774000 61.4149 58.2523 57.6796 177.347
775000 60.9482 57.6392 57.7314 176.319
776000 61.2841 58.2955 57.9248 177.504
777000 60.8119 57.6234 57.455 175.89
778000 61.4433 57.8265 58.2733 177.543
779000 61.123 57.5577 57.7595 176.44
780000 61.259 57.9743 58.1371 177.37
781000 61.0799 57.3256 57.514 175.92
782000 60.7873 57.8462 57.8359 176.469
783000 62.1801 57.9224 58.1955 178.298
784000 61.7161 57.6611 58.7866 178.164
785000 62.2137 58.2887 58.6064 179.109
786000 62.6413 58.1877 57.8269 178.656
787000 61.7474 58.1887 57.8764 177.812
788000 62.2332 58.5098 57.9382 178.681
789000 62.4812 58.1113 57.8045 178.397
790000 62.8769 58.3285 57.9507 179.156
791000 62.9254 58.7836 58.0353 179.744
792000 63.7697 57.9728 58.9012 180.644
793000 63.4877 57.8245 59.1116 180.424
794000 64.8322 58.5278 59.5546 182.915
795000 64.6168 58.1244 58.9201 181.661
796000 64.0991 58.1522 58.773 181.024
797000 64.6259 57.7956 57.9197 180.341
798000 64.3021 58.3523 58.5787 181.233
799000 64.8111 57.6686 57.7065 180.186
800000 66.0246 59.1669 59.2538 184.445
801000 65.9407 58.9811 58.6672 183.589
802000 65.2721 58.9022 58.4565 182.631
803000 65.0971 58.7921 57.8094 181.699
804000 64.8971 59.3782 58.4059 182.681
805000 66.0639 59.2549 58.2251 183.544
806000 65.1152 59.9211 58.4682 183.504
807000 66.1454 59.7012 58.8533 184.7
808000 66.661 60.0579 58.6817 185.401
809000 66.5818 60.2938 58.6717 185.547
810000 67.2285 60.3449 59.3685 186.942
811000 66.3422 59.8574 59.8191 186.019
812000 66.5307 59.7126 60.4067 186.65
813000 66.06 59.8268 59.6956 185.582
814000 66.3771 60.0346 60.0382 186.45
815000 66.4607 60.4554 60.4387 187.355
816000 67.7843 61.2766 61.3761 190.437
817000 66.9128 60.7013 60.6581 188.272
818000 67.1167 60.7727 60.2437 188.133
819000 67.0533 60.7637 60.6041 188.421
820000 67.4714 59.6839 59.5977 186.753
821000 66.1842 59.6615 59.7163 185.562
822000 67.1825 60.8831 60.6014 188.667
823000 66.1183 60.9473 59.7614 186.827
824000 65.8324 61.1973 59.9391 186.969
825000 66.0293 61.9344 59.7422 187.706
826000 66.6939 61.7609 60.0754 188.53
827000 67.0888 62.1864 60.9203 190.195
828000 67.6996 62.6443 61.2892 191.633
829000 66.6835 62.3794 60.7656 189.828
830000 66.7487 61.5312 60.4989 188.779
831000 66.7356 61.6601 60.2509 188.647
832000 67.7137 62.7552 60.559 191.028
833000 67.126 62.2182 60.8434 190.188
834000 67.628 62.25 60.6776 190.556
835000 67.6199 62.2815 61.2298 191.131
836000 67.3606 62.5756 60.9887 190.925
837000 67.7469 62.016 61.0598 190.823
838000 67.6878 62.3211 61.8107 191.82
839000 69.0894 62.3355 61.9373 193.362
840000 67.8327 62.1486 61.3895 191.371
841000 68.2895 62.6374 61.803 192.73
842000 67.8809 62.9771 61.7515 192.609
843000 67.5919 63.0649 61.733 192.39
844000 67.6949 62.9317 61.3555 191.982
845000 68.2598 63.9453 62.1393 194.344
846000 68.0843 63.1088 61.2609 192.454
847000 68.4383 63.0371 60.6897 192.165
848000 69.6226 64.0208 61.5118 195.155
849000 70.213 64.6874 61.2745 196.175
850000 69.5721 64.5985 61.2109 195.382
851000 70.2166 63.6165 61.0237 194.857
852000 70.7875 64.1788 61.5241 196.49
853000 70.6042 63.8654 60.376 194.846
854000 71.2497 64.6559 60.9663 196.872
855000 72.0147 65.2081 61.5634 198.786
856000 72.0269 64.6652 61.6898 198.382
857000 72.2737 64.6698 61.5068 198.45
858000 72.6985 65.4222 61.7149 199.836
859000 73.5597 65.0366 61.8144 200.411
860000 73.6975 65.5413 61.6742 200.913
861000 73.6722 65.3155 61.5173 200.505
862000 72.9613 64.8013 61.1271 198.89
863000 73.7381 66.0305 61.9996 201.768
864000 73.8714 66.5416 61.9572 202.37
865000 73.4742 66.197 61.9738 201.645
866000 73.6613 66.2273 62.6187 202.507
867000 73.0858 66.1062 62.4285 201.621
868000 73.3293 67.1636 63.0383 203.531
869000 72.9456 66.3873 63.4939 202.827
870000 73.9197 66.4558 63.1664 203.542
871000 73.3713 66.637 63.2705 203.279
872000 74.5795 66.8316 64.1169 205.528
873000 73.5497 67.0014 63.9946 204.546
874000 72.9595 66.6467 63.3915 202.998
875000 73.7705 66.941 63.6616 204.373
876000 75.1303 68.0557 64.3603 207.546
877000 75.0047 67.474 63.6994 206.178
878000 75.024 67.472 63.8241 206.32
879000 76.3747 68.4527 64.286 209.113
880000 77.2224 68.9973 65.5005 211.72
881000 76.3925 68.4045 64.561 209.358
882000 77.6402 68.9147 65.3187 211.874
883000 77.5039 68.6599 65.2788 211.443
884000 78.3767 69.037 65.439 212.853
885000 78.9912 69.6541 66.2611 214.906
886000 78.2028 69.6585 66.0461 213.907
887000 78.5293 69.5329 66.8261 214.888
888000 78.6733 70.0783 66.5128 215.264
889000 79.7345 69.8238 66.5229 216.081
890000 79.7946 69.188 66.2403 215.223
891000 79.2642 69.7094 66.2606 215.234
892000 80.8084 70.1561 66.6624 217.627
893000 80.3939 69.9325 66.9043 217.231
894000 79.6041 68.7921 66.2125 214.609
895000 80.215 68.4264 66.4915 215.133
896000 79.248 68.6942 66.4957 214.438
897000 80.5499 68.7907 66.4807 215.821
898000 79.5489 68.9219 66.1938 214.665
899000 80.5946 69.299 66.4247 216.318
900000 79.9915 68.3557 66.1433 214.491
901000 80.8889 69.4433 67.4608 217.793
902000 80.6197 68.6693 67.0093 216.298
903000 80.9552 69.4185 67.4328 217.806
904000 79.2151 69.1759 66.7344 215.125
905000 81.0217 69.9011 67.3097 218.232
906000 80.8314 70.1859 68.193 219.21
907000 80.2218 69.9415 67.1528 217.316
908000 80.375 70.8004 68.2173 219.393
909000 81.8231 70.9097 68.1991 220.932
910000 81.7788 70.0965 67.4855 219.361
911000 81.2811 70.6892 67.7691 219.739
912000 81.5779 70.7077 68.0763 220.362
913000 82.1741 70.9221 68.4759 221.572
914000 81.5833 70.6116 67.9231 220.118
915000 81.765 70.7546 67.9022 220.422
916000 81.4202 70.4437 67.679 219.543
917000 81.8582 71.091 66.9241 219.873
918000 82.4102 71.076 66.8214 220.308
919000 82.0898 70.7134 67.271 220.074
920000 81.3602 71.2427 66.8067 219.41
921000 81.0952 71.7576 66.247 219.1
922000 80.8752 71.3199 66.7348 218.93
923000 81.7915 71.6371 67.41 220.839
924000 81.8914 72.4462 67.8344 222.172
925000 81.9034 71.9793 66.9405 220.823
926000 81.6507 71.9552 67.6753 221.281
927000 81.6591 71.8012 66.9136 220.374
928000 82.1163 72.1544 68.2043 222.475
929000 80.9371 71.9873 68.3049 221.229
930000 81.0559 72.5571 68.3803 221.993
931000 82.0358 73.205 68.3374 223.578
932000 82.5515 72.5627 69.1608 224.275
933000 83.028 72.8878 69.1593 225.075
934000 82.3287 72.5277 68.4948 223.351
935000 83.3074 71.9699 68.5578 223.835
936000 83.0663 72.5545 68.792 224.413
937000 81.9321 72.1461 69.1011 223.179
938000 82.9249 71.8607 68.924 223.71
939000 82.4437 72.0107 68.4372 222.892
940000 82.4613 72.1298 68.6284 223.219
941000 83.6861 73.1503 69.3539 226.19
942000 84.1837 71.9618 68.1531 224.298
943000 83.889 72.2665 67.7275 223.883
944000 83.9797 72.5897 68.1308 224.7
945000 83.4543 72.0831 67.9547 223.492
946000 83.5523 72.1358 67.8937 223.582
947000 84.6295 72.7609 68.3305 225.721
948000 84.9224 72.6368 68.0088 225.568
949000 85.7596 72.3128 68.1432 226.216
950000 84.2262 70.7447 67.5299 222.501
951000 85.0471 71.7716 68.0354 224.854
952000 85.5052 71.5903 66.9829 224.078
953000 85.0009 70.9514 67.4888 223.441
954000 85.9954 72.1851 68.2665 226.447
955000 86.5214 72.1567 68.3449 227.023
956000 86.4014 70.8984 68.1531 225.453
957000 85.71 71.473 69.3886 226.572
958000 86.4053 71.3633 69.7401 227.509
959000 86.2645 70.5641 69.7946 226.623
960000 86.9372 70.3791 69.4935 226.81
961000 86.771 71.405 69.2085 227.385
962000 87.4102 70.9205 69.4385 227.769
963000 87.1377 71.2036 68.9684 227.31
964000 87.3599 71.1676 68.7112 227.239
965000 87.0111 70.8556 69.1552 227.022
966000 88.1064 71.2674 69.2422 228.616
967000 88.311 72.0782 69.5626 229.952
968000 88.3402 72.2562 70.4295 231.026
969000 89.067 72.2217 70.7972 232.086
970000 89.0475 71.9493 69.9609 230.958
971000 89.5081 72.1915 70.644 232.344
972000 88.8735 72.2647 69.9902 231.128
973000 88.6882 72.4607 69.6744 230.823
974000 89.0996 72.182 69.6383 230.92
975000 90.4352 72.4721 69.5195 232.427
976000 89.3954 72.8056 70.0915 232.293
977000 90.0116 72.2732 69.5259 231.811
978000 90.5807 73.8454 70.5195 234.946
979000 90.8538 74.4962 71.0525 236.403
980000 90.4517 73.6635 71.0888 235.204
981000 89.9436 74.6587 71.5817 236.184
982000 90.9472 74.031 70.8707 235.849
983000 91.2887 74.3334 71.9856 237.608
984000 90.4586 73.0092 72.2493 235.717
985000 90.9027 73.6462 72.117 236.666
986000 92.4714 73.0539 72.1067 237.632
987000 92.1632 74.1607 71.7868 238.111
988000 92.9796 74.7742 72.4787 240.232
989000 92.0612 73.8821 71.85 237.793
990000 91.7655 73.7165 71.7987 237.281
991000 92.6289 73.7573 71.7921 238.178
992000 92.1801 73.6357 72.5401 238.356
993000 91.8995 73.1438 72.0007 237.044
994000 92.7021 73.7783 72.3249 238.805
995000 91.5741 73.1535 70.925 235.653
996000 92.4931 73.2838 71.2595 237.036
997000 92.5237 73.0801 70.4994 236.103
998000 91.6324 73.5818 71.2435 236.458
999000 92.3606 74.249 71.5224 238.132
1000000 92.7561 74.0097 70.8357 237.601
1001000 92.1522 73.4834 70.8023 236.438
1002000 93.2771 74.9548 71.4953 239.727
1003000 94.01 75.5229 72.7369 242.27
1004000 94.8431 75.5289 73.2315 243.603
1005000 93.8748 74.2133 72.4458 240.534
1006000 93.977 75.2816 72.8594 242.118
1007000 94.1366 74.3914 72.636 241.164
1008000 93.6254 74.0719 71.6602 239.357
1009000 95.4747 74.8484 72.3794 242.703
1010000 93.8782 74.9558 71.8876 240.722
1011000 93.8951 75.1748 72.428 241.498
1012000 95.7686 75.7641 73.1088 244.641
1013000 94.5534 75.161 72.8044 242.519
1014000 94.4084 74.6047 73.1081 242.121
1015000 96.0275 75.4773 73.5345 245.039
1016000 95.5092 76.9412 74.4254 246.876
1017000 95.3178 75.6837 74.0217 245.023
1018000 97.115 76.1809 74.7844 248.08
1019000 97.3576 75.9849 74.7647 248.107
1020000 97.6385 76.1419 75.7089 249.489
1021000 98.9817 77.2365 75.8052 252.023
1022000 98.4623 77.0974 75.7467 251.306
1023000 99.0495 76.5415 75.316 250.907
1024000 99.4953 77.4186 75.9933 252.907
1025000 99.4277 76.6413 75.4508 251.52
1026000 99.6755 76.6177 75.5408 251.834
1027000 98.5928 76.476 74.545 249.614
1028000 98.0299 76.2081 75.1529 249.391
1029000 99.659 77.0104 75.3435 252.013
1030000 100.491 76.605 75.0115 252.107
1031000 100.872 76.532 75.4868 252.891
1032000 100.918 76.4376 75.3437 252.7
1033000 100.55 76.168 75.642 252.36
1034000 100.39 76.3183 74.9225 251.63
1035000 100.746 75.768 75.5306 252.044
1036000 100.587 76.1655 75.2021 251.955
1037000 101.725 76.902 75.4436 254.071
1038000 102.202 77.1447 75.323 254.669
1039000 99.9025 76.725 75.1664 251.794
1040000 102.559 77.1798 75.7346 255.474
1041000 101.858 77.2461 75.6811 254.785
1042000 102.346 78.2436 75.1869 255.777
1043000 104.303 78.8357 75.7675 258.906
1044000 101.631 78.4614 74.8149 254.907
1045000 101.214 78.0748 74.4323 253.721
1046000 102.073 78.1394 74.8041 255.016
1047000 100.869 78.6199 75.821 255.31
1048000 101.847 78.6209 75.5821 256.05
1049000 102.366 79.1207 75.4679 256.954
1050000 103.095 80.0114 76.5995 259.706
1051000 102.512 80.6053 75.8982 259.015
1052000 101.474 79.8601 76.367 257.701
1053000 102.569 80.3722 76.054 258.995
1054000 103.938 80.748 77.0629 261.749
1055000 102.93 79.9227 76.0134 258.866
1056000 103.209 80.2341 76.9504 260.393
1057000 100.876 79.5328 75.4605 255.869
1058000 101.029 79.1725 76.2727 256.475
1059000 102.219 79.614 77.1979 259.031
1060000 101.998 79.5333 77.4581 258.989
1061000 102.236 79.6748 78.7762 260.687
1062000 101.911 79.6551 77.4228 258.989
1063000 102.926 81.105 78.1308 262.162
1064000 102.696 80.5687 78.0405 261.305
1065000 102.107 80.0405 77.5859 259.734
1066000 102.236 80.8452 77.5645 260.646
1067000 102.212 80.6057 77.5528 260.371
1068000 102.151 80.6611 78.6475 261.46
1069000 101.162 80.3856 77.8359 259.384
1070000 101.447 80.879 77.3462 259.673
1071000 100.616 80.2808 77.4195 258.316
1072000 100.721 81.1188 77.2285 259.069
1073000 103.023 81.7965 77.8668 262.686
1074000 101.726 81.6858 78.2344 261.646
1075000 102.007 81.0876 78.2415 261.336
1076000 103.034 81.2053 79.281 263.521
1077000 102.893 81.5577 78.8937 263.344
1078000 102.548 80.7617 79.4198 262.73
1079000 102.229 80.6912 79.3603 262.281
1080000 101.94 80.6267 79.6499 262.217
1081000 101.724 81.7307 79.638 263.093
1082000 102.099 81.8817 80.4074 264.388
1083000 103.429 83.3685 81.2731 268.071
1084000 103.318 82.7284 80.638 266.685
1085000 103.141 81.9606 80.4248 265.527
1086000 103.494 82.5651 80.2273 266.286
1087000 102.702 82.011 80.1996 264.913
1088000 102.802 82.0933 80.2878 265.183
1089000 101.844 81.3711 80.1286 263.344
1090000 101.694 82.2088 79.6503 263.553
1091000 102.156 81.822 79.5614 263.539
1092000 102.248 81.6812 79.8895 263.819
1093000 102.176 81.7438 79.4755 263.396
1094000 102.543 82.1063 80.4532 265.103
1095000 103.36 82.0432 80.7809 266.184
1096000 103.685 82.2097 80.5362 266.431
1097000 103.281 82.202 80.391 265.874
1098000 103.58 82.4775 80.6711 266.728
1099000 103.317 82.3013 81.4892 267.108
1100000 102.687 81.2176 80.7486 264.653
1101000 103.487 82.3428 81.8733 267.703
1102000 103.198 82.2354 81.9033 267.337
1103000 102.045 81.4519 81.902 265.398
1104000 102.822 81.9899 82.779 267.591
1105000 103.657 82.7772 82.6331 269.068
1106000 103.017 82.2143 81.0775 266.309
1107000 102.859 82.2602 81.5371 266.656
1108000 104.495 82.6737 83.0738 270.242
1109000 103.117 83.1153 82.1943 268.427
1110000 104.021 83.1486 82.2507 269.42
1111000 103.201 83.9057 82.9514 270.058
1112000 104.3 83.965 83.211 271.475
1113000 103.807 83.9566 82.9872 270.751
1114000 104.351 85.1491 84.402 273.902
1115000 103.301 84.5342 84.3094 272.144
1116000 103.462 84.9629 84.3001 272.725
1117000 104.06 86.3162 83.7077 274.084
1118000 104.339 86.1322 84.5214 274.992
1119000 103.703 85.7477 83.98 273.43
1120000 104.538 85.9393 83.4466 273.924
1121000 104.49 85.7855 84.8507 275.126
1122000 104.278 86.649 84.6969 275.624
1123000 104.005 86.2246 84.658 274.887
1124000 103.227 84.8417 83.5171 271.585
1125000 104.272 86.1741 84.1574 274.604
1126000 103.766 85.4917 84.7127 273.97
1127000 104.592 86.8992 85.2421 276.733
1128000 103.397 86.5601 84.877 274.835
1129000 103.953 86.4767 85.3536 275.783
1130000 103.83 86.4982 85.8414 276.17
1131000 104.319 86.4336 85.4792 276.232
1132000 104.028 86.7335 85.8741 276.636
1133000 104.214 86.4247 85.2325 275.871
1134000 103.782 86.7871 85.0704 275.64
1135000 103.794 86.8821 84.6303 275.306
1136000 104.341 87.1816 85.1863 276.708
1137000 105.461 87.0535 86.0561 278.571
1138000 104.523 87.7301 85.5756 277.829
1139000 106.463 87.54 86.0605 280.064
1140000 104.702 86.9924 84.8172 276.512
1141000 105.43 87.3495 85.1091 277.889
1142000 104.688 86.637 84.8088 276.134
1143000 106.002 88.1568 86.3097 280.468
1144000 105.907 87.4449 84.299 277.651
1145000 106.377 88.1371 85.2497 279.763
1146000 107.812 88.1201 85.707 281.639
1147000 106.508 88.0579 84.6742 279.24
1148000 107.441 88.0782 84.7557 280.275
1149000 105.848 87.8304 84.4625 278.14
1150000 106.505 87.7311 84.6896 278.926
1151000 107.136 88.3977 85.2326 280.766
1152000 107.128 88.4264 84.9057 280.46
1153000 107.51 89.0242 85.3314 281.865
1154000 107.669 88.6049 85.5479 281.822
1155000 107.198 88.5719 86.5387 282.309
1156000 107.081 87.5951 85.4095 280.086
1157000 106.838 88.0196 86.5944 281.452
1158000 107.224 88.404 86.6611 282.289
1159000 107.567 89.3907 86.6822 283.64
1160000 108.244 89.6404 86.8472 284.732
1161000 107.956 89.0047 87.2791 284.24
1162000 106.556 88.733 85.6229 280.912
1163000 106.82 87.8597 85.6608 280.341
1164000 106.309 88.3811 86.2614 280.951
1165000 106.928 87.5769 85.88 280.385
1166000 106.141 88.3469 85.4311 279.919
1167000 108.14 88.3647 87.124 283.629
1168000 107.673 88.9167 86.7112 283.3
1169000 107.679 88.5698 86.6195 282.868
1170000 108.649 89.4761 88.2521 286.377
1171000 109.564 89.7329 87.5419 286.839
1172000 110.622 89.5841 87.7702 287.977
1173000 109.157 88.6753 87.4426 285.275
1174000 111.805 90.1672 88.3812 290.354
1175000 112.185 90.9948 88.7499 291.93
1176000 110.215 89.7049 87.5909 287.511
1177000 112.615 90.5088 88.9084 292.032
1178000 111.609 90.2558 88.0037 289.868
1179000 112.082 90.4887 88.1948 290.765
1180000 112.919 91.6011 88.6069 293.127
1181000 112.347 91.658 88.0464 292.051
1182000 111.028 92.1839 88.6116 291.823
1183000 113.024 92.4683 89.4857 294.978
1184000 111.312 91.3071 88.1357 290.755
1185000 110.692 91.0727 87.5863 289.351
1186000 110.042 91.2797 87.3037 288.625
1187000 110.911 91.4961 87.3019 289.709
1188000 111.536 91.7722 87.7144 291.022
1189000 110.839 90.9065 87.817 289.562
1190000 110.295 90.5159 86.7694 287.58
1191000 111.772 91.9219 88.7174 292.411
1192000 111.067 92.0045 88.0712 291.143
1193000 111.04 91.382 87.6838 290.106
1194000 112.449 91.8259 88.014 292.289
1195000 111.355 92.041 87.5234 290.919
1196000 111.269 92.691 87.6483 291.608
1197000 110.967 91.6488 86.6045 289.22
1198000 111.348 92.1602 87.4928 291.001
1199000 110.185 91.3489 87.0104 288.545
1200000 109.568 91.5207 86.4428 287.531
1201000 111.183 92.8626 87.8572 291.903
1202000 111.367 93.4519 88.3696 293.189
1203000 110.941 92.1616 88.8022 291.905
1204000 109.787 92.3338 88.3571 290.478
1205000 110.257 92.0146 87.6606 289.932
1206000 110.419 92.196 89.0151 291.63
1207000 111.445 93.7716 88.5089 293.725
1208000 110.815 92.7009 86.7981 290.314
1209000 109.956 92.9028 86.2177 289.077
1210000 110.224 93.3967 86.3523 289.973
1211000 112.165 95.2268 88.518 295.91
1212000 109.996 93.6502 86.7599 290.406
1213000 110.722 94.1756 86.8347 291.732
1214000 111.165 93.9516 87.0179 292.134
1215000 110.031 94.5715 88.0558 292.658
1216000 109.882 94.1443 87.4017 291.428
1217000 109.833 93.5882 87.2464 290.667
1218000 109.888 94.0971 86.825 290.81
1219000 110.374 93.997 87.2791 291.65
1220000 108.719 94.1611 88.097 290.977
1221000 109.583 93.5803 87.4761 290.64
1222000 109.414 93.7078 87.1767 290.299
1223000 109.631 93.9657 88.1099 291.707
1224000 110.29 94.2322 88.6934 293.215
1225000 111.424 95.2655 89.2523 295.941
1226000 111.444 96.2467 88.6712 296.362
1227000 112.215 96.3294 89.635 298.179
1228000 113.005 97.4921 89.448 299.946
1229000 113.364 98.6971 90.795 302.856
1230000 111.286 97.3453 88.6461 297.277
1231000 114.604 98.4049 90.8836 303.892
1232000 112.336 97.5702 89.1587 299.065
1233000 112.411 97.3964 88.9931 298.8
1234000 112.271 98.2184 89.4471 299.936
1235000 113.503 97.0787 89.563 300.144
1236000 112.317 97.5043 89.2362 299.057
1237000 113.438 98.1884 89.7872 301.413
1238000 112.003 97.5003 89.4057 298.909
1239000 112.618 97.4108 89.7689 299.798
1240000 113.147 98.5932 90.5387 302.279
1241000 112.901 98.5657 89.1659 300.633
1242000 114.275 99.3607 90.3796 304.016
1243000 113.932 98.9672 91.1317 304.031
1244000 114.4 99.9085 90.3512 304.66
1245000 113.232 98.4788 89.8873 301.598
1246000 113.279 99.7077 90.9628 303.949
1247000 114.262 100.195 89.7706 304.228
1248000 112.373 98.7258 88.5907 299.689
1249000 113.836 99.3809 89.0529 302.269
1250000 114.472 100.667 90.3943 305.533
1251000 114.173 100.409 89.9362 304.519
1252000 114.436 101.524 90.4789 306.438
1253000 115.04 101.513 91.0132 307.566
1254000 113.585 100.076 90.1304 303.791
1255000 112.46 100.272 90.5283 303.26
1256000 114.204 102.01 91.4061 307.62
1257000 114 101.379 91.6809 307.06
1258000 114.732 100.993 91.1238 306.849
1259000 114.386 100.421 91.1998 306.007
1260000 114.001 100.608 91.6638 306.273
1261000 113.357 99.4119 91.7362 304.505
1262000 112.748 99.604 90.7074 303.06
1263000 113.71 101.13 91.2756 306.116
1264000 113.495 100.257 90.4515 304.204
1265000 113.001 100.109 90.4425 303.552
1266000 115.307 101.095 91.0281 307.43
1267000 115.409 100.906 90.8963 307.211
1268000 114.806 100.777 91.1246 306.707
1269000 115.12 101.707 91.0455 307.873
1270000 114.113 100.43 90.89 305.433
1271000 115.263 101.431 91.5083 308.203
1272000 113.676 100.855 91.1106 305.641
1273000 113.596 100.471 90.4238 304.491
1274000 114.366 100.321 90.3365 305.023
1275000 115.437 100.608 90.7185 306.764
1276000 114.865 100.823 91.1946 306.883
1277000 115.242 99.804 91.4315 306.478
1278000 114.308 99.5451 91.0107 304.863
1279000 113.718 99.1659 90.1041 302.988
1280000 114.221 99.484 90.6149 304.32
1281000 112.963 99.913 89.3613 302.237
1282000 113.209 100.771 90.8784 304.858
1283000 113.06 99.8189 90.3522 303.231
1284000 113.118 99.5804 91.5492 304.247
1285000 112.501 100.066 91.4702 304.036
1286000 113.105 100.422 91.9352 305.462
1287000 112.947 99.7353 91.5531 304.236
1288000 114.821 100.994 93.4199 309.235
1289000 114.804 100.282 93.3357 308.421
1290000 114.117 99.5717 92.9765 306.666
1291000 113.849 100.27 93.0236 307.143
1292000 114.182 99.5442 92.5358 306.262
1293000 114.632 99.8516 91.7416 306.225
1294000 114.772 100.038 93.079 307.889
1295000 114.26 99.7965 92.117 306.174
1296000 113.689 99.0475 91.7708 304.507
1297000 114.453 100.064 92.5492 307.066
1298000 114.309 98.8536 92.4233 305.586
1299000 114.612 100.491 93.028 308.131
1300000 115.688 100.121 92.5692 308.378
1301000 114.179 100.763 92.7224 307.664
1302000 114.829 101.18 93.4034 309.413
1303000 116.611 102.277 94.4498 313.338
1304000 116.295 102.519 94.2563 313.07
1305000 116.907 103.206 94.2022 314.316
1306000 115.576 101.407 92.5642 309.548
1307000 115.027 102.364 93.3168 310.707
1308000 114.803 102.582 93.5357 310.921
1309000 114.32 101.809 93.0687 309.198
1310000 113.447 101.571 93.4061 308.424
1311000 113.042 100.966 93.4549 307.463
1312000 113.43 101.079 93.6862 308.195
1313000 113.338 101.283 94.2294 308.85
1314000 113.275 101.587 94.0201 308.882
1315000 114.362 102.45 94.1617 310.974
1316000 116.468 103.635 95.2919 315.395
1317000 116.166 103.042 94.6902 313.898
1318000 115.579 103.57 95.7012 314.851
1319000 116.675 103.5 94.859 315.035
1320000 116.285 104.89 95.1277 316.302
1321000 113.963 102.806 93.901 310.67
1322000 114.66 103.725 93.8895 312.275
1323000 116.345 104.171 95.7674 316.283
1324000 115.628 103.332 94.4375 313.398
1325000 115.872 103.225 94.48 313.577
1326000 115.218 102.82 94.5165 312.554
1327000 114.533 103.023 94.1013 311.658
1328000 116.506 104.426 95.6357 316.568
1329000 115.89 104.14 95.3354 315.365
1330000 116.197 103.619 96.073 315.889
1331000 115.974 104.042 95.6573 315.673
1332000 115.895 104.32 96.2432 316.458
1333000 114.876 104.274 96.6744 315.824
1334000 115.239 104.722 96.0873 316.049
1335000 115.814 104.696 95.9607 316.471
1336000 116.154 105.935 97.9504 320.039
1337000 115.587 104.624 97.0985 317.309
1338000 115.684 105.421 98.2539 319.359
1339000 115.632 106.001 98.0868 319.72
1340000 115.066 105.883 97.8395 318.789
1341000 114.944 105.085 97.0256 317.054
1342000 116.785 106.547 98.4308 321.763
1343000 116.587 105.021 97.7499 319.358
1344000 117.559 105.556 98.2977 321.413
1345000 116.539 106.314 99.1203 321.973
1346000 115.586 105.496 97.6602 318.742
1347000 115.347 105.287 97.1836 317.818
1348000 115.005 104.674 97.3854 317.064
1349000 116.168 106.01 98.1027 320.281
1350000 116.488 105.886 98.0834 320.458
1351000 115.543 106.176 97.8706 319.59
1352000 117.361 108.283 98.2899 323.933
1353000 116.277 107.12 97.6172 321.014
1354000 117.951 108.048 97.9737 323.973
1355000 117.201 106.836 97.1091 321.147
1356000 116.928 107.661 97.1231 321.712
1357000 116.557 108.066 97.1599 321.783
1358000 116.643 108.119 96.9548 321.716
1359000 117.956 109.044 97.3552 324.355
1360000 118.068 109.45 97.1522 324.67
1361000 117.667 110.143 97.997 325.807
1362000 117.37 109.639 97.7788 324.787
1363000 117.182 109.913 98.3662 325.461
1364000 117.49 110.115 97.8393 325.445
1365000 117.048 108.787 96.9375 322.772
1366000 118.23 110.32 98.3373 326.887
1367000 118.037 110.362 98.3988 326.798
1368000 116.873 110.898 98.9283 326.699
1369000 116.794 110.866 98.9133 326.573
1370000 117.24 111.845 99.3266 328.411
1371000 117.273 112.681 99.9025 329.856
1372000 116.701 111.298 98.5334 326.532
1373000 118.637 111.818 100.524 330.978
1374000 118.841 112.59 100.781 332.212
1375000 117.26 111.779 100.599 329.639
1376000 118.185 111.936 100.881 331.001
1377000 117.85 112.684 100.903 331.437
1378000 117.558 111.879 100.758 330.195
1379000 116.521 111.288 100.272 328.081
1380000 119.016 113.819 103.088 335.923
1381000 118.206 111.649 101.478 331.333
1382000 118.801 112.284 101.61 332.695
1383000 119.294 112.451 102.276 334.021
1384000 119.667 113.741 103.365 336.773
1385000 118.933 111.461 101.703 332.097
1386000 119.206 113.213 102.026 334.445
1387000 119.458 113.055 102.629 335.142
1388000 118.71 112.184 102.052 332.946
1389000 118.103 111.732 101.583 331.418
1390000 119.886 112.892 103.316 336.094
1391000 117.813 110.951 101.733 330.498
1392000 118.619 110.956 102.875 332.451
1393000 118.044 110.389 102.634 331.067
1394000 117.878 110.066 103.026 330.97
1395000 117.693 110.83 102.978 331.501
1396000 118.503 111.742 103.393 333.637
1397000 118.875 111.818 103.76 334.453
1398000 119.608 112.149 104.904 336.66
1399000 119.013 111.741 103.828 334.583
1400000 120.071 111.94 104.278 336.289
1401000 119.27 113.099 105.512 337.881
1402000 119.385 112.785 105.082 337.252
1403000 121.385 113.909 107.032 342.326
1404000 120.402 112.602 105.255 338.258
1405000 119.458 111.708 103.394 334.56
1406000 118.901 112.817 104.75 336.468
1407000 119.073 112.606 103.992 335.671
1408000 118.566 112.35 103.509 334.425
1409000 119.178 114.383 103.716 337.276
1410000 118.982 113.94 103.897 336.82
1411000 120.37 115.344 105.315 341.029
1412000 120.84 114.991 106.068 341.899
1413000 120.849 115.604 105.386 341.84
1414000 120.003 115.553 105.145 340.7
1415000 118.108 113.254 104.123 335.485
1416000 119.786 114.634 104.977 339.397
1417000 118.992 114.149 104.529 337.67
1418000 121.135 116.079 106.379 343.593
1419000 121.101 115.363 107.086 343.55
1420000 120.859 115.998 106.192 343.049
1421000 120.652 115.843 106.551 343.046
1422000 121.04 115.721 107.412 344.173
1423000 120.867 115.478 106.512 342.857
1424000 122.642 116.278 107.027 345.947
1425000 121.83 115.857 107.297 344.984
1426000 121.475 114.153 106.087 341.715
1427000 122.081 115.384 106.597 344.062
1428000 121.3 114.778 106.428 342.506
1429000 123.995 115.747 107.583 347.324
1430000 123.69 116.267 107.766 347.723
1431000 124.345 116.08 107.61 348.035
1432000 123.038 115.179 107.445 345.662
1433000 123.071 115.389 107.168 345.628
1434000 123.549 115.707 106.778 346.034
1435000 123.789 115.614 107.211 346.615
1436000 123.194 116.095 107.539 346.827
1437000 124.125 116.029 107.496 347.65
1438000 123.06 116.522 106.793 346.376
1439000 124.12 116.361 108.546 349.027
1440000 123.704 116.161 108.391 348.256
1441000 122.55 115.056 107.9 345.507
1442000 124.324 116.563 108.88 349.767
1443000 122.436 115.509 107.001 344.946
1444000 122.5 114.416 106.779 343.695
1445000 123.528 115.224 106.43 345.182
1446000 124.138 115.832 107.226 347.196
1447000 125.844 117.65 107.698 351.191
1448000 124.814 115.628 106.666 347.109
1449000 125.705 115.972 106.978 348.654
1450000 124.289 116.385 106.184 346.858
1451000 124.861 116.999 107.196 349.055
1452000 124.287 116.745 107.001 348.033
1453000 125.051 117.819 107.16 350.03
1454000 126.743 119.367 109.324 355.434
1455000 126.983 119.002 107.989 353.974
1456000 126.977 120.061 109.127 356.165
1457000 125.483 118.941 108.493 352.917
1458000 126.78 119.891 108.927 355.598
1459000 127.976 120.074 109.327 357.376
1460000 127.294 119.684 109.214 356.193
1461000 126.73 120.561 109.478 356.769
1462000 128.002 121.896 110.469 360.367
1463000 128.243 121.223 110.694 360.16
1464000 128.296 122.003 110.856 361.155
1465000 129.636 122.785 111.794 364.215
1466000 127.876 122.675 110.654 361.205
1467000 127.75 122.496 110.971 361.217
1468000 128.54 122.104 111.165 361.809
1469000 128.009 122.033 111.216 361.259
1470000 128.381 121.487 111.525 361.393
1471000 127.436 121.815 109.69 358.941
1472000 127.598 122.003 110.351 359.952
1473000 127.838 122.339 110.158 360.336
1474000 128.538 123.795 110.938 363.272
1475000 128.89 123.415 111.386 363.691
1476000 128.29 121.983 110.997 361.27
1477000 130.637 124.495 112.76 367.891
1478000 128.635 123.028 112.148 363.812
1479000 130.572 124.627 111.978 367.177
1480000 129.752 123.132 111.375 364.258
1481000 130.908 125.176 112.493 368.577
1482000 130.931 125.001 113.011 368.943
1483000 130.771 125.284 112.9 368.956
1484000 130.729 125.283 113.383 369.395
1485000 130.799 126.191 114.479 371.468
1486000 131.28 125.479 113.734 370.493
1487000 131.414 125.69 112.952 370.056
1488000 131.828 126.325 114.563 372.716
1489000 132.216 126.981 114.799 373.996
1490000 131.544 126.601 114.332 372.478
1491000 131.401 126.49 113.478 371.369
1492000 132.146 126.181 114.478 372.805
1493000 130.821 125.275 113.916 370.012
1494000 131.626 125.92 113.855 371.401
1495000 130.649 124.988 112.93 368.567
1496000 132.809 126.542 114.45 373.801
1497000 132.153 125.871 113.932 371.956
1498000 130.781 124.704 113.534 369.019
1499000 130.384 124.544 112.452 367.379
1500000 130.64 123.625 112.404 366.669
1501000 130.847 123.548 112.007 366.401
1502000 132.52 124.221 113.433 370.173
1503000 132.357 124.002 112.55 368.91
1504000 130.58 123.19 112.106 365.875
1505000 131.428 124.713 113.29 369.431
1506000 131.053 123.822 113.183 368.058
1507000 130.973 123.626 113.644 368.242
1508000 130.747 123.099 112.936 366.781
1509000 131.095 123.051 113.29 367.436
1510000 131.629 124.042 113.686 369.357
1511000 131.777 123.238 113.658 368.674
1512000 130.544 122.172 112.365 365.081
1513000 131.987 123.357 114.233 369.577
1514000 132.805 123.315 113.997 370.118
1515000 132.42 123.424 113.697 369.542
1516000 132.805 123.061 114.893 370.759
1517000 133.067 123.863 114.336 371.266
1518000 133.583 124.501 114.261 372.345
1519000 133.844 124.857 114.172 372.874
1520000 133.003 124.994 113.873 371.87
1521000 134.588 125.55 114.427 374.565
1522000 134.69 124.841 114.341 373.872
1523000 133.846 124.456 113.491 371.793
1524000 133.605 123.933 113.009 370.547
1525000 133.345 123.195 113.577 370.117
1526000 134.325 123.223 114.09 371.638
1527000 135.164 123.997 115.84 375.001
1528000 135.684 124.085 117.304 377.074
1529000 135.155 123.063 116.946 375.164
1530000 134.083 122.399 116.27 372.752
1531000 133.868 123.057 116.505 373.431
1532000 134.385 122.767 117.547 374.7
1533000 134.252 123.349 116.518 374.118
1534000 135.522 124.095 117.157 376.775
1535000 134.979 123.234 115.164 373.376
1536000 135.15 123.65 116.445 375.245
1537000 135.621 124.879 116.849 377.349
1538000 135.882 125.696 118.298 379.876
1539000 137.041 125.925 118.396 381.361
1540000 137.906 126.643 118.995 383.545
1541000 137.895 127.728 119.818 385.441
1542000 137.982 125.986 119.381 383.349
1543000 137.68 126.306 118.578 382.564
1544000 137.841 127.341 117.376 382.559
1545000 137.982 126.824 118.174 382.98
1546000 138.969 127.448 118.186 384.603
1547000 141.198 128.895 120.126 390.219
1548000 140.181 127.422 118.635 386.238
1549000 140.981 128.425 120.347 389.752
1550000 138.662 126.381 118.134 383.178
1551000 140.617 128.168 119.712 388.497
1552000 138.662 127.092 118.167 383.921
1553000 138.076 127.707 119.135 384.918
1554000 139.248 126.927 119.178 385.353
1555000 138.85 127.527 119.989 386.367
1556000 139.369 127.28 120.453 387.102
1557000 137.488 126.569 118.298 382.355
1558000 136.588 126.434 118.988 382.011
1559000 137.348 125.688 118.564 381.601
1560000 137.325 126.603 119.329 383.257
1561000 137.501 126.18 118.758 382.439
1562000 138.027 125.738 118.327 382.092
1563000 137.558 125.689 117.759 381.006
1564000 138.807 127.475 118.848 385.13
1565000 138.565 126.799 118.815 384.18
1566000 139.24 127.148 118.957 385.345
1567000 138.589 126.82 118.558 383.967
1568000 141.449 128.541 121.025 391.015
1569000 139.984 127.163 118.801 385.948
1570000 141.074 127.886 120.688 389.649
1571000 139.632 126.874 119.817 386.323
1572000 139.183 126.335 118.458 383.976
1573000 139.701 126.539 119.49 385.731
1574000 138.376 126.671 117.746 382.794
1575000 138.929 127.899 119.579 386.407
1576000 139.613 127.279 118.833 385.724
1577000 138.712 127.015 118.666 384.394
1578000 138.436 127.864 118.458 384.758
1579000 137.867 127.9 117.421 383.188
1580000 139.468 127.641 119.303 386.412
1581000 138.412 127.658 119.116 385.186
1582000 138.41 128.052 119.068 385.53
1583000 138.895 128.385 119.246 386.526
1584000 139.85 129.412 120.145 389.406
1585000 139.846 127.715 120.683 388.245
1586000 140.306 130.182 121.33 391.818
1587000 138.89 128.636 119.667 387.194
1588000 139.598 128.414 120.516 388.529
1589000 138.462 128.812 119.522 386.796
1590000 139.064 128.308 120.077 387.45
1591000 137.46 128.013 120.506 385.978
1592000 137.509 127.985 119.848 385.342
1593000 137.524 127.985 119.345 384.854
1594000 137.279 127.92 119.767 384.966
1595000 137.641 126.915 119.783 384.34
1596000 138.065 127.659 120.325 386.049
1597000 135.767 126.751 119.114 381.632
1598000 138.364 128.804 120.956 388.124
1599000 137.982 127.274 119.705 384.961
1600000 136.641 127.707 118.448 382.796
1601000 137.925 127.617 118.706 384.248
1602000 137.645 128.125 118.58 384.349
1603000 138.028 127.779 118.615 384.422
1604000 138.394 129.144 119.311 386.848
1605000 139.029 128.251 118.977 386.258
1606000 138.134 127.467 119.048 384.649
1607000 141.429 129.824 120.814 392.067
1608000 137.868 128.174 118.806 384.848
1609000 138.359 128.602 119.255 386.216
1610000 138.665 128.521 119.912 387.099
1611000 138.871 128.35 119.027 386.249
1612000 139.858 129.837 120.399 390.093
1613000 140.213 130.584 120.767 391.564
1614000 138.224 129.351 120.198 387.774
1615000 140.627 131.313 121.485 393.424
1616000 139.672 129.868 120.313 389.853
1617000 140.383 129.923 121.633 391.94
1618000 140.104 130.359 121.957 392.42
1619000 140.128 129.757 121.963 391.848
1620000 139.918 129.25 121.421 390.589
1621000 139.169 129.327 121.924 390.42
1622000 138.372 130.137 120.662 389.171
1623000 139.243 130.078 122.136 391.457
1624000 138.386 128.943 120.984 388.313
1625000 140.844 129.74 120.564 391.148
1626000 140.56 129.74 122.09 392.389
1627000 140.784 129.698 121.247 391.729
1628000 141.435 130.888 123.347 395.671
1629000 142.148 129.953 122.982 395.084
1630000 140.084 129.52 121.958 391.562
1631000 141.453 131.437 122.571 395.462
1632000 141.568 131.829 123.989 397.387
1633000 140.984 131.171 123.459 395.614
1634000 141.093 131.574 123.282 395.948
1635000 142.328 132.426 123.297 398.051
1636000 142.573 132.515 124.833 399.921
1637000 141.663 132.341 123.289 397.294
1638000 141.552 131.769 122.763 396.084
1639000 142.332 132.674 122.042 397.047
1640000 142.213 133.136 123.157 398.505
1641000 143.302 132.549 123.9 399.751
1642000 143.725 132.159 123.41 399.294
1643000 142.703 133.072 123.635 399.409
1644000 142.468 132.199 123.629 398.297
1645000 141.104 131.78 123.196 396.08
1646000 141.517 133.149 123.996 398.663
1647000 141.169 133.847 124.818 399.835
1648000 142.061 133.87 124.502 400.434
1649000 142.258 133.891 124.521 400.67
1650000 143.523 135.212 124.982 403.718
1651000 141.479 134.181 122.96 398.62
1652000 142.233 134.512 123.585 400.33
1653000 142.793 134.374 123.584 400.75
1654000 143.031 134.459 122.384 399.875
1655000 143.696 134.392 123.846 401.934
1656000 143.924 135.027 123.001 401.953
1657000 143.558 134.6 123.523 401.681
1658000 141.809 133.642 123.794 399.245
1659000 143.185 134.807 123.876 401.868
1660000 143.315 134.866 124.095 402.276
1661000 143.465 135.891 124.688 404.044
1662000 144.171 135.912 124.872 404.955
1663000 142.377 134.597 123.599 400.573
1664000 143.502 135.019 124.814 403.335
1665000 143.368 134.112 123.346 400.826
1666000 143.458 133.904 122.136 399.498
1667000 144.047 134.217 123.107 401.371
1668000 144.09 133.884 122.521 400.495
1669000 143.393 133.689 122.795 399.877
1670000 143.65 133.056 122.08 398.786
1671000 144.582 133.982 123.446 402.01
1672000 144.695 134.071 124.196 402.962
1673000 143.569 133.52 122.603 399.692
1674000 143.317 132.627 123.339 399.282
1675000 143.405 133.167 123.02 399.592
1676000 145.084 133.931 125.037 404.052
1677000 144.479 132.725 124.333 401.536
1678000 144.02 133.618 124.459 402.097
1679000 144.191 134.202 124.185 402.579
1680000 143.942 133.116 123.961 401.019
1681000 145.088 134.795 125.313 405.196
1682000 145.308 135.065 125.03 405.404
1683000 145.231 135.659 126.42 407.31
1684000 144.552 135.199 125.455 405.206
1685000 143.874 134.06 124.039 401.972
1686000 145.296 135.04 125.124 405.46
1687000 144.196 134.503 125.293 403.992
1688000 144.618 134.572 125.05 404.241
1689000 143.398 134.436 125.643 403.477
1690000 144.659 135.133 125.855 405.647
1691000 143.316 134.21 124.836 402.362
1692000 144.054 134.033 124.901 402.988
1693000 145.125 134.672 126.064 405.86
1694000 145.515 136.247 126.803 408.566
1695000 147.119 136.146 126.813 410.078
1696000 147.312 136.479 126.377 410.168
1697000 147.615 136.455 126.923 410.994
1698000 147.383 136.934 126.608 410.924
1699000 148.718 138.375 129.065 416.158
1700000 148.226 138.028 128.084 414.337
1701000 147.686 136.453 127.609 411.748
1702000 147.776 136.136 127.915 411.828
1703000 146.659 137.356 128.387 412.402
1704000 147.945 137.964 128.183 414.093
1705000 147.396 137.899 128.308 413.603
1706000 149.469 138.893 129.509 417.871
1707000 148.892 137.846 129.185 415.923
1708000 149.192 138.732 129.685 417.608
1709000 149.449 138.396 129.504 417.349
1710000 150.1 137.882 129.38 417.362
1711000 151.005 140.451 130.704 422.16
1712000 150.517 138.428 130.282 419.226
1713000 148.272 137.997 130.15 416.419
1714000 147.572 137.037 128.613 413.222
1715000 147.813 137.527 129.705 415.045
1716000 147.524 139.789 130.379 417.692
1717000 148.728 139.365 130.19 418.283
1718000 148.073 139.169 129.99 417.232
1719000 146.884 138.49 129.629 415.003
1720000 146.452 138.246 128.826 413.524
1721000 146.284 137.424 128.973 412.68
1722000 146.591 137.783 129.699 414.073
1723000 145.636 137.829 130.023 413.488
1724000 145.792 138.488 129.252 413.532
1725000 147.393 139.016 130.456 416.865
1726000 147.05 139.288 130.995 417.332
1727000 145.889 139.787 129.102 414.778
1728000 146.644 138.834 128.995 414.472
1729000 145.504 138.755 129.179 413.437
1730000 146.734 138.682 129.514 414.93
1731000 147.621 140.089 130.023 417.733
1732000 145.452 138.852 128.862 413.167
1733000 146.127 139.38 129.415 414.921
1734000 145.85 139.16 128.342 413.353
1735000 145.374 138.702 129.329 413.405
1736000 146.539 140.023 130.144 416.706
1737000 145.76 139.451 130.814 416.025
1738000 147.218 139.924 132.417 419.559
1739000 148.822 140.867 133.004 422.693
1740000 146.742 139.785 131.348 417.875
1741000 144.259 137.751 129.219 411.228
1742000 146.831 139.149 130.297 416.277
1743000 146.641 140.045 130.68 417.366
1744000 147.387 139.626 131.195 418.208
1745000 148.557 140.167 131.873 420.597
1746000 146.945 138.862 130.901 416.708
1747000 149.788 140.47 132.714 422.972
1748000 147.349 140.519 131.484 419.351
1749000 147.379 141.118 131.246 419.742
1750000 146.423 140.912 131.897 419.232
1751000 146.548 139.56 130.27 416.378
1752000 147.722 139.952 131.313 418.987
1753000 147.97 140.903 132.966 421.838
1754000 147.058 140.103 131.468 418.628
1755000 148.211 141.523 131.675 421.409
1756000 148.042 142.273 132.495 422.81
1757000 147.816 141.72 132.163 421.699
1758000 147.883 141.971 133.694 423.548
1759000 147.321 140.901 132.867 421.089
1760000 146.877 139.795 133.084 419.756
1761000 148.341 141.388 133.99 423.719
1762000 148.502 141.052 134.091 423.645
1763000 148.065 139.776 132.957 420.799
1764000 149.134 142.508 134.225 425.867
1765000 147.833 140.356 133.217 421.407
1766000 149.242 142.587 134.2 426.029
1767000 148.822 142.813 134.614 426.248
1768000 150.149 142.546 134.233 426.929
1769000 149.344 141.778 134.449 425.571
1770000 150.495 143.705 135.628 429.827
1771000 149.39 142.457 134.442 426.288
1772000 148.988 142.281 133.673 424.942
1773000 149.703 143.393 134.134 427.23
1774000 148.714 142.403 133.843 424.96
1775000 148.268 143.028 134.416 425.712
1776000 149.17 143.935 134.601 427.706
1777000 149.17 143.475 135.003 427.648
1778000 150.061 145.262 134.637 429.96
1779000 150.097 145.345 136.262 431.704
1780000 148.243 143.052 134.321 425.616
1781000 149.008 143.957 134.827 427.792
1782000 148.236 143.328 133.909 425.474
1783000 147.914 143.459 134.407 425.78
1784000 148.896 144.352 133.976 427.224
1785000 149.669 144.237 135.727 429.634
1786000 148.675 144.794 134.505 427.975
1787000 149.461 144.971 134.787 429.219
1788000 149.453 145.711 136.024 431.189
1789000 149.4 144.902 134.656 428.958
1790000 150.378 145.876 135.399 431.654
1791000 149.634 144.708 135.114 429.456
1792000 148.665 143.833 134.331 426.829
1793000 149.427 145.101 135.328 429.855
1794000 148.899 144.484 135.836 429.219
1795000 150.557 145.605 136.941 433.104
1796000 149.645 145.299 136.447 431.39
1797000 150.172 144.883 137.101 432.155
1798000 148.894 144.145 136.558 429.597
1799000 149.806 143.683 136.447 429.937
1800000 148.345 142.697 135.236 426.278
1801000 149.7 143.747 136.765 430.212
1802000 149.913 144.201 138.034 432.148
1803000 149.481 145.089 137.145 431.715
1804000 148.263 143.982 137.236 429.48
1805000 149.438 145.9 136.698 432.037
1806000 148.6 145.237 137.394 431.231
1807000 150.385 146.003 137.793 434.18
1808000 150.572 145.937 138.514 435.023
1809000 149.761 144.981 136.935 431.677
1810000 151.452 147.595 138.339 437.386
1811000 151.989 148.075 141.045 441.11
1812000 152.025 147.944 140.867 440.836
1813000 151.551 146.831 139.276 437.658
1814000 151.214 146.624 140.089 437.926
1815000 152.048 148.419 140.214 440.681
1816000 151.494 146.445 140.282 438.22
1817000 150.897 146.222 139.994 437.112
1818000 149.725 146.167 138.465 434.357
1819000 148.321 145.372 139.183 432.876
1820000 151.422 147.823 140.219 439.464
1821000 150.909 146.871 139.78 437.561
1822000 151.897 147.666 140.323 439.886
1823000 152.002 148.257 141.087 441.346
1824000 152.647 147.658 140.23 440.535
1825000 152.509 146.728 139.65 438.887
1826000 152.378 147.084 140.242 439.704
1827000 150.544 147.159 139.451 437.155
1828000 150.409 146.366 138.586 435.361
1829000 150.071 147.624 138.86 436.556
1830000 149.186 147.734 138.347 435.267
1831000 149.072 147.632 138.766 435.469
1832000 148.163 147.266 138.497 433.926
1833000 148.365 148.722 137.362 434.449
1834000 150.958 148.73 139.508 439.196
1835000 152.608 149.576 140.205 442.389
1836000 151.713 149.723 141.168 442.604
1837000 152.896 150.364 140.355 443.615
1838000 152.777 150.934 141.848 445.559
1839000 152.761 150.928 140.798 444.487
1840000 151.971 149.683 139.982 441.636
1841000 152.938 149.373 139.55 441.861
1842000 152.921 150.159 139.203 442.282
1843000 152.091 148.543 137.833 438.467
1844000 152.097 150.026 138.81 440.933
1845000 152.78 151.356 139.833 443.969
1846000 151.977 150.788 139.706 442.471
1847000 151.935 150.963 138.913 441.812
1848000 151.68 150.917 139.045 441.643
1849000 152.07 150.518 138.697 441.285
1850000 152.756 150.558 139.375 442.689
1851000 150.33 149.286 137.534 437.149
1852000 150.439 149.894 138.87 439.203
1853000 150.135 148.822 136.75 435.707
1854000 151.38 150.697 137.79 439.867
1855000 151.105 150.444 136.671 438.22
1856000 152.051 151.747 138.547 442.345
1857000 153.861 152.456 139.675 445.992
1858000 150.59 150.512 137.779 438.881
1859000 151.934 151.494 138.243 441.671
1860000 150.223 150.851 139.576 440.65
1861000 151.52 150.465 138.84 440.825
1862000 150.969 150.585 138.603 440.158
1863000 151.519 150.316 138.685 440.52
1864000 151.139 149.939 138.605 439.683
1865000 152.111 150.642 139.686 442.44
1866000 152.725 151.272 139.943 443.94
1867000 151.361 150.235 139.257 440.853
1868000 151.461 148.875 137.956 438.292
1869000 151.49 148.732 138.344 438.565
1870000 152.292 149.076 139.154 440.523
1871000 152.68 149.404 139.465 441.548
1872000 152.864 149.905 138.927 441.697
1873000 151.107 148.532 138.927 438.565
1874000 151.971 150.503 140.437 442.911
1875000 151.64 150.444 140.052 442.136
1876000 151.908 150.306 138.52 440.733
1877000 152.24 150.187 139.262 441.689
1878000 151.837 150.555 139.614 442.006
1879000 150.5 149.414 137.724 437.638
1880000 150.622 150.621 138.714 439.956
1881000 152.571 151.437 140.105 444.113
1882000 150.742 150.799 139.733 441.274
1883000 152.47 152.097 141.163 445.73
1884000 150.487 150.672 139.422 440.582
1885000 150.044 149.73 139.264 439.038
1886000 150.404 149.103 138.243 437.75
1887000 153.413 151.107 140.953 445.473
1888000 152.621 150.091 139.891 442.603
1889000 154.495 153.082 142.069 449.646
1890000 152.689 150.305 140.318 443.312
1891000 152.609 151.348 140.468 444.424
1892000 153.745 152.01 140.713 446.468
1893000 152.969 151.546 140.451 444.966
1894000 153.234 152.795 140.538 446.568
1895000 153.463 153.423 141.977 448.864
1896000 153.827 153.112 140.865 447.805
1897000 153.878 152.979 141.075 447.932
1898000 152.988 151.827 140.412 445.228
1899000 153.806 152.621 140.366 446.793
1900000 153.222 151.821 139.914 444.957
1901000 152.619 152.775 140.841 446.234
1902000 152.366 152.662 140.991 446.018
1903000 153.186 152.638 141.882 447.707
1904000 153.407 152.558 140.198 446.162
1905000 153.178 152.729 139.93 445.838
1906000 152.987 152.491 140.024 445.502
1907000 152.418 152.181 140.034 444.634
1908000 154.673 154.551 142.445 451.669
1909000 152.512 151.807 139.974 444.293
1910000 152.992 152.385 141.652 447.028
1911000 152.502 152.232 140.74 445.473
1912000 151.069 150.917 140.299 442.285
1913000 152.045 151.79 140.862 444.697
1914000 151.259 151.727 140.715 443.701
1915000 151.987 151.14 140.447 443.575
1916000 154.414 153.575 141.48 449.469
1917000 155.151 154.087 141.613 450.852
1918000 154.831 152.323 140.435 447.588
1919000 153.685 153.105 140.412 447.202
1920000 153.219 151.564 139.521 444.304
1921000 153.438 152.936 139.784 446.158
1922000 154.399 152.532 138.934 445.865
1923000 156.108 153.307 140.471 449.887
1924000 155.362 152.57 139.553 447.486
1925000 154.656 152.79 140.295 447.741
1926000 155.505 153.734 140.636 449.875
1927000 157.282 155.628 142.012 454.922
1928000 154.649 153.337 140.632 448.619
1929000 154.959 154.398 140.971 450.328
1930000 156.837 154.921 141.213 452.971
1931000 156.895 155.256 141.138 453.289
1932000 156.735 155.687 142.579 455
1933000 156.285 156.365 141.865 454.515
1934000 158.55 157.178 142.682 458.41
1935000 157.457 157.817 142.882 458.156
1936000 156.931 157.197 142.865 456.993
1937000 156.235 155.501 142.775 454.511
1938000 158.693 157.765 143.665 460.124
1939000 156.882 157.634 143.024 457.541
1940000 157.499 157.721 142.046 457.266
1941000 156.971 157.942 142.231 457.144
1942000 155.471 156.814 140.311 452.596
1943000 154.782 155.383 139.942 450.107
1944000 155.486 156.542 141.193 453.22
1945000 155.546 158.141 141.504 455.192
1946000 156.369 158.344 142.368 457.081
1947000 156.129 157.621 141.66 455.41
1948000 155.399 157.238 141.847 454.484
1949000 155.934 157.957 142.392 456.282
1950000 156.118 157.215 142.573 455.906
1951000 154.891 156.484 140.633 452.008
1952000 156.264 157.66 141.739 455.664
1953000 155.815 157.269 141.477 454.561
1954000 155.979 156.941 141.161 454.081
1955000 157.61 158.952 142.198 458.76
1956000 157.412 159.14 141.497 458.049
1957000 156.637 157.982 143.063 457.682
1958000 157.498 157.111 142.439 457.049
1959000 155.777 156.833 142.163 454.773
1960000 156.095 158.245 142.861 457.201
1961000 156.534 158.855 142.994 458.383
1962000 156.173 158.393 142.325 456.891
1963000 155.875 158.595 142.814 457.284
1964000 155.09 158.503 142.194 455.787
1965000 156.545 159.023 143.071 458.639
1966000 157.399 159.972 143.15 460.521
1967000 155.619 158.022 142.449 456.09
1968000 157.403 160.263 143.948 461.614
1969000 157.967 160.945 144.304 463.216
1970000 157.827 161.311 143.579 462.717
1971000 156.026 160.116 142.467 458.609
1972000 157.363 161.411 144.276 463.049
1973000 157.045 160.389 143.4 460.834
1974000 158.885 162.131 144.891 465.907
1975000 158.806 163.042 145.621 467.469
1976000 157.708 161.511 144.85 464.069
1977000 157.389 161.818 145.808 465.015
1978000 157.777 160.174 145.821 463.771
1979000 155.352 159.231 145.679 460.262
1980000 157.521 160.114 147.657 465.292
1981000 155.803 160.634 146.177 462.614
1982000 157.724 161.411 147.002 466.137
1983000 157.986 160.865 147.424 466.275
1984000 158.505 160.444 147.208 466.156
1985000 156.762 160.528 146.626 463.916
1986000 156.762 159.964 145.34 462.067
1987000 156.099 159.59 144.974 460.663
1988000 156.375 160.242 145.414 462.032
1989000 158.126 161.504 147.294 466.924
1990000 158.539 161.235 146.711 466.484
1991000 156.807 160.268 145.978 463.053
1992000 157.957 160.841 147.113 465.912
1993000 156.406 159.642 145.238 461.286
1994000 156.04 159.482 145.583 461.105
1995000 156.91 160.278 145.772 462.961
1996000 156.992 161.02 145.484 463.495
1997000 157.349 162.48 146.062 465.891
1998000 156.099 160.41 144.17 460.678
1999000 155.165 159.209 144.099 458.473
2000000 155.017 160.212 143.823 459.053
